38.926455386668522 21.96733461929529 20.769253765909227 19.100107334682448 31.200908074420767 21.757197047774355 18.187637636539744 22.847403976885989 10.248311107801282 12.748670727784271 27.013799189000839 -27.645197491891061 5.5377873790695435 15.079437364766166 26.071863316131342 13.577629725082422 18.039414919025088 24.096751955011278 25.686590301035192 22.947626893242074 23.918387743654261
21.96733461929529 45.020956071757993 22.537478086690754 30.572903407944445 22.371523922253441 25.565372473409173 23.990886035641772 24.142493380123543 13.342851002106116 12.398364458038902 29.263959295946552 -17.757293009501172 9.8837123665086573 27.924768296879197 24.77182639115108 22.794505648250354 15.913360385240912 27.502161800945473 29.103303764926988 22.452284011556266 25.019901933005755
20.769253765909227 22.537478086690754 31.373100635798352 19.279913183916769 23.67815160954833 13.452611030037492 14.118453229688933 15.334606533045294 15.447275982099759 12.717224808419639 21.285110888158396 -13.58451594877452 6.4807992103375573 17.971659869210555 20.674004726366441 13.88793689040385 16.564924354443111 18.720230346775899 15.051658174161938 10.274179056388409 19.390931887616151
19.100107334682448 30.572903407944445 19.279913183916769 48.159453697285144 27.764801623440029 20.250354138384775 18.909527143590939 20.032174723271993 18.948764503774754 19.524939235013282 32.568345399992644 -25.119737897725763 14.696983273562553 29.706533817206825 34.735650734758281 19.048873616285356 22.915014236873873 18.022835289328366 25.72049147586366 19.81409375898485 30.427113879339998
31.200908074420767 22.371523922253441 23.67815160954833 27.764801623440029 48.956073393335224 24.434938411938752 20.79121798612347 22.527938047933688 22.216188810533005 21.833533075865009 29.062570782466036 -27.696641123268037 11.463502575365608 20.592955116460534 37.786959117349035 14.75334668428183 25.489033121280571 23.415424453148425 33.555250614048035 24.37554802741063 19.700109484323409
21.757197047774355 25.565372473409173 13.452611030037492 20.250354138384775 24.434938411938752 43.290981402840885 22.400888977878417 24.648140861288873 14.16187198369758 21.589895141092668 18.496738198276788 -28.04524394069999 15.848839487868181 25.407177461543274 26.728049651456374 23.602562808215023 27.80899133313606 22.466306969121341 23.855300199850568 21.749886281406312 23.758376922463079
18.187637636539744 23.990886035641772 14.118453229688933 18.909527143590939 20.79121798612347 22.400888977878417 36.600112744081294 17.398502907874654 18.341763786751496 11.319315686714891 25.989992802205911 -19.122651184287346 12.771424049362246 14.927509486272227 22.277581810678296 13.746815066919577 17.91893940545949 26.558138239388377 29.945314714743713 11.812751755518006 19.553412344814394
22.847403976885989 24.142493380123543 15.334606533045294 20.032174723271993 22.527938047933688 24.648140861288873 17.398502907874654 40.320752722358137 19.902281517629966 18.991753746894972 18.574457601971588 -29.266666505524856 13.014512541321112 20.483728539925728 23.430477096006523 16.015574862307822 23.112456201323941 25.82142385871375 27.677956211631059 26.728397489558976 21.826207171330235
10.248311107801282 13.342851002106116 15.447275982099759 18.948764503774754 22.216188810533005 14.16187198369758 18.341763786751496 19.902281517629966 30.778097985847072 11.898228700913384 13.976386229865989 -13.844830623743418 13.204670006957501 16.283586449510281 17.188989878551858 4.9835236328361052 20.761411735677601 11.554218803684112 19.86968557565358 12.83025486959974 11.827441885649977
12.748670727784271 12.398364458038902 12.717224808419639 19.524939235013282 21.833533075865009 21.589895141092668 11.319315686714891 18.991753746894972 11.898228700913384 27.873931871699302 12.195180004567035 -20.615871175856427 9.1311255312743551 15.061093523888685 22.600808000550263 16.89071007349186 17.334769767089313 10.054733428123807 17.341547180607375 11.599190990566674 20.811604267021416
27.013799189000839 29.263959295946552 21.285110888158396 32.568345399992644 29.062570782466036 18.496738198276788 25.989992802205911 18.574457601971588 13.976386229865989 12.195180004567035 46.368667243380905 -21.169908909112685 6.9336389283533553 26.352622271471201 24.977017305132719 11.143973077997085 21.739540254153077 27.398173812885815 21.138558629979585 22.916290328759501 28.492231472426479
-27.645197491891061 -17.757293009501172 -13.58451594877452 -25.119737897725763 -27.696641123268037 -28.04524394069999 -19.122651184287346 -29.266666505524856 -13.844830623743418 -20.615871175856427 -21.169908909112685 48.664181764341336 -14.687825752255588 -21.412053869751905 -33.614418203524131 -28.155015178773123 -23.583591374061083 -21.611415068413752 -27.304237154490373 -25.929441765297526 -26.954363714310393
5.5377873790695435 9.8837123665086573 6.4807992103375573 14.696983273562553 11.463502575365608 15.848839487868181 12.771424049362246 13.014512541321112 13.204670006957501 9.1311255312743551 6.9336389283533553 -14.687825752255588 32.721887633459083 21.109151798130235 19.913351056840924 8.2888723080176536 20.731133585421674 12.998462201706833 18.901651098846195 14.547603317739675 3.9338689089337753
15.079437364766166 27.924768296879197 17.971659869210555 29.706533817206825 20.592955116460534 25.407177461543274 14.927509486272227 20.483728539925728 16.283586449510281 15.061093523888685 26.352622271471201 -21.412053869751905 21.109151798130235 45.756578678096943 24.807131081619026 17.072175939673048 27.403923281113165 17.245464645121451 19.002896062793845 28.755494779993594 23.880922207217708
26.071863316131342 24.77182639115108 20.674004726366441 34.735650734758281 37.786959117349035 26.728049651456374 22.277581810678296 23.430477096006523 17.188989878551858 22.600808000550263 24.977017305132719 -33.614418203524131 19.913351056840924 24.807131081619026 56.475909483336416 20.89710034631484 17.480369701034057 25.653101798449626 35.700304607052693 25.859092336186421 31.825038598286604
13.577629725082422 22.794505648250354 13.88793689040385 19.048873616285356 14.75334668428183 23.602562808215023 13.746815066919577 16.015574862307822 4.9835236328361052 16.89071007349186 11.143973077997085 -28.155015178773123 8.2888723080176536 17.072175939673048 20.89710034631484 37.003518902275474 17.903676197445485 12.656814874378991 18.268151644328576 10.822188347447693 17.850754064585534
18.039414919025088 15.913360385240912 16.564924354443111 22.915014236873873 25.489033121280571 27.80899133313606 17.91893940545949 23.112456201323941 20.761411735677601 17.334769767089313 21.739540254153077 -23.583591374061083 20.731133585421674 27.403923281113165 17.480369701034057 17.903676197445485 44.673011961083773 11.176613945760403 17.203804209987521 14.740422404707939 14.60281885681651
24.096751955011278 27.502161800945473 18.720230346775899 18.022835289328366 23.415424453148425 22.466306969121341 26.558138239388377 25.82142385871375 11.554218803684112 10.054733428123807 27.398173812885815 -21.611415068413752 12.998462201706833 17.245464645121451 25.653101798449626 12.656814874378991 11.176613945760403 48.761283212585646 30.090430771733104 25.082686800311052 16.884756970891473
25.686590301035192 29.103303764926988 15.051658174161938 25.72049147586366 33.555250614048035 23.855300199850568 29.945314714743713 27.677956211631059 19.86968557565358 17.341547180607375 21.138558629979585 -27.304237154490373 18.901651098846195 19.002896062793845 35.700304607052693 18.268151644328576 17.203804209987521 30.090430771733104 52.17777222304079 23.283623213050603 16.009677146059428
22.947626893242074 22.452284011556266 10.274179056388409 19.81409375898485 24.37554802741063 21.749886281406312 11.812751755518006 26.728397489558976 12.83025486959974 11.599190990566674 22.916290328759501 -25.929441765297526 14.547603317739675 28.755494779993594 25.859092336186421 10.822188347447693 14.740422404707939 25.082686800311052 23.283623213050603 42.685406387148014 21.334984422336777
23.918387743654261 25.019901933005755 19.390931887616151 30.427113879339998 19.700109484323409 23.758376922463079 19.553412344814394 21.826207171330235 11.827441885649977 20.811604267021416 28.492231472426479 -26.954363714310393 3.9338689089337753 23.880922207217708 31.825038598286604 17.850754064585534 14.60281885681651 16.884756970891473 16.009677146059428 21.334984422336777 46.111566414039899
