1 0 1
-2.0793587637928592 1 -2.2018945239451226
-0.029818665315364583 0.1895219562984635 0.061814858727853063
0.088422054291163843 0.29602849672054532 0.05214797741878005
0.070105802478206844 0.3019765700754008 0.033102873915844537
0.088422054291163815 0.29602849672054526 0.05214797741878005
0.088422054291163885 0.29602849672054532 0.052147977418780037
0.088422054291163857 0.29602849672054532 0.05214797741878005
-0.67779605547069921 0.087632870870625754 -0.68853421591715658
-0.029818665315364579 0.1895219562984635 0.061814858727853049
0.088422054291163843 0.29602849672054526 0.052147977418780044
0.066983257836359972 0.29019758337126877 0.031423676363611867
0.088422054291163815 0.29602849672054526 0.052147977418780037
0.088422054291163885 0.29602849672054532 0.052147977418780044
0.088422054291163857 0.29602849672054532 0.052147977418780044
-0.02981866531536459 0.1895219562984635 0.061814858727853056
0.088422054291163843 0.29602849672054532 0.052147977418780044
0.071456667335213289 0.30707235604960764 0.033829322764928296
0.088422054291163815 0.29602849672054526 0.05214797741878005
0.088422054291163871 0.29602849672054538 0.05214797741878005
0.088422054291163843 0.29602849672054526 0.052147977418780044
0.0298186653153646 -0.18952195629846347 -0.061814858727853042
0.029818665315364576 -0.1895219562984635 -0.061814858727853014
0.029818665315364517 -0.18952195629846372 -0.061814858727853125
0.029818665315364631 -0.18952195629846338 -0.061814858727852952
0.029818665315364541 -0.1895219562984635 -0.061814858727852993
-0.088422054291163815 -0.29602849672054532 -0.052147977418779988
0.0071661167932409852 0.3291087260266175 0.074471244135493705
0.26296842444771878 0.18672955522836115 0.033480239766738612
-0.030247236254619309 0.084429082586778906 0.024912291548438825
0.088422054291163829 0.29602849672054532 0.052147977418780002
0.088422054291163871 0.29602849672054532 0.05214797741878003
0.088422054291163871 0.29602849672054532 0.052147977418780023
0.023197590736976085 -0.1259940924735771 -0.0055157574928384433
-0.21476863895262199 -0.24459134490936829 -0.017437055423502469
-0.053791559799585192 -0.10331598148824571 -0.22004592075640414
