rootmask = 68719476736
rows = 0,2
h = -1
u = 24826
v = 69338
raw_det = 948
raw_index = 1
determinant = 948
root_reps_orthogonal = 1
norm4_reps_orthogonal = 1311

gram =
[[30 -3 4 0 1 2 -4]
 [-3 2 -2 -1 1 -1 2]
 [4 -2 10 -2 -2 -1 -1]
 [0 -1 -2 12 2 6 -7]
 [1 1 -2 2 2 0 -1]
 [2 -1 -1 6 0 6 -3]
 [-4 2 -1 -7 -1 -3 6]]

basis_coords =
[[0 8 -1 -3 2 -1 -2 0 -10 0 -7 7 1 -1 -3 0 -1 1 0 -4 -2 -3 4 1]
 [0 0 0 0 0 1 1 0 -1 0 -1 0 0 0 -1 0 0 0 1 0 0 0 0 1]
 [0 -1 0 1 -1 -3 -3 1 4 0 3 -1 0 0 3 -1 -1 0 -2 1 1 1 -1 -2]
 [0 2 0 -1 0 0 -1 0 -2 0 -1 2 0 0 0 0 0 0 -1 -1 -1 -1 -1 2]
 [0 2 0 -1 0 1 1 0 -4 0 -3 2 0 0 -2 0 0 0 1 -1 -1 -1 1 2]
 [0 1 0 0 0 0 -1 0 1 0 1 0 0 0 1 0 0 0 -1 0 0 0 -1 0]
 [0 -2 0 1 0 1 1 0 2 0 1 -2 0 0 0 0 0 0 1 1 1 1 0 -1]]

basis_hnf =
[[0 1 0 0 0 0 0 0 0 0 0 0 0 0 0 0 0 0 0 0 0 0 0 0]
 [0 0 1 0 0 0 0 -2 7 0 7 -3 -1 1 4 2 3 -1 -4 1 -1 0 0 -5]
 [0 0 0 1 0 0 0 0 3 0 2 -2 0 0 1 0 0 0 0 1 1 1 0 -2]
 [0 0 0 0 1 0 0 -1 2 0 2 -1 0 0 1 1 1 0 -1 0 0 0 0 -2]
 [0 0 0 0 0 1 0 0 0 0 0 0 0 0 0 0 0 0 0 0 0 0 0 0]
 [0 0 0 0 0 0 1 0 -1 0 -1 0 0 0 -1 0 0 0 1 0 0 0 0 1]
 [0 0 0 0 0 0 0 0 0 0 0 0 0 0 0 0 0 0 0 0 0 0 1 -1]]
