rootmask = 1073741824
rows = 0,5
h = 0
u = 83917
v = 94553
raw_det = 948
raw_index = 1
determinant = 948
root_reps_orthogonal = 1
norm4_reps_orthogonal = 1311

gram =
[[32 -3 -5 1 0 -2 -5]
 [-3 6 -1 1 -1 4 1]
 [-5 -1 10 -3 -3 0 3]
 [1 1 -3 12 2 8 -7]
 [0 -1 -3 2 2 0 -1]
 [-2 4 0 8 0 12 -3]
 [-5 1 3 -7 -1 -3 6]]

basis_coords =
[[2 10 0 -1 2 -5 -2 2 -6 -1 -6 4 2 1 -4 0 -1 1 -4 -5 -4 -3 3 0]
 [0 -1 0 1 0 1 0 0 2 0 1 -1 0 0 0 1 0 0 0 1 0 0 -1 -1]
 [0 -5 0 2 0 -2 -2 0 9 0 7 -5 0 0 5 -1 0 0 -2 2 3 3 -3 -3]
 [0 2 0 -1 0 0 -1 0 -2 0 -1 2 0 0 0 0 0 0 -1 -1 -1 -1 -1 2]
 [0 2 0 -1 0 1 1 0 -4 0 -3 2 0 0 -2 0 0 0 1 -1 -1 -1 1 2]
 [-1 -1 -1 0 0 2 0 -1 2 -1 2 0 0 0 2 0 0 0 0 1 1 1 -1 0]
 [0 -2 0 1 0 1 1 0 2 0 1 -2 0 0 0 0 0 0 1 1 1 1 0 -1]]

basis_hnf =
[[1 0 1 0 0 0 0 1 -1 1 -1 -1 0 0 -1 -1 0 0 0 -1 0 0 0 1]
 [0 1 0 0 0 0 0 0 -1 0 -1 1 0 0 -1 1 0 0 0 0 -1 -1 0 0]
 [0 0 2 0 -2 0 0 0 -5 3 -4 4 -2 -1 -5 6 1 -1 2 2 -5 -6 0 -1]
 [0 0 0 1 0 0 0 0 1 0 0 0 0 0 -1 2 0 0 0 1 -1 -1 0 -2]
 [0 0 0 0 0 1 0 0 0 0 0 0 0 0 0 0 0 0 0 0 0 0 0 0]
 [0 0 0 0 0 0 1 0 -1 0 -1 0 0 0 -1 0 0 0 1 0 0 0 0 1]
 [0 0 0 0 0 0 0 0 0 0 0 0 0 0 0 0 0 0 0 0 0 0 1 -1]]
