67.299792364131648 25.721673532055824 -0.9649797188306195 -10.656467808601262 4.0827913409961587 -15.625713653584661 -16.02273227381794 -21.213747939225986 2.5229035929771571 -16.996961931889562 1.19668779467876 7.9045171232549762 26.760999121564012 -0.52343751224314417 -2.4371002284803387 24.902354076024764 -6.8376529097323147 -29.288964441077947 -7.3282365991546472
25.721673532055824 65.691110408135458 -8.7540320029859906 -8.0673641222964871 -8.8922682482379454 1.8651405676132173 -13.885465390015669 -7.1069877942700606 -12.410196089193947 -3.9785980912884611 -16.166194647345037 8.9922410679804887 -3.9834362652043214 -0.65847356784596567 2.7076959123733433 9.1775378425155587 4.7020613090583447 -26.045738547105643 4.9471935423856754
-0.9649797188306195 -8.7540320029859906 69.003683332456234 17.604121306837996 -6.435873896793697 -15.553403941995327 -2.2012992203495232 -21.733760107328354 6.8534458346785714 -5.4090645463710496 -10.86481188144127 13.93602954916402 -15.902578625515055 1.2551049993460195 12.282398691927524 -23.511980255861133 -2.2012804639411443 16.33771140393873 -21.709882725726246
-10.656467808601262 -8.0673641222964871 17.604121306837996 67.731550893190644 -17.32907237950905 -16.382633558512907 -9.220425590207288 5.4601730920500513 -13.11111200393352 -1.0006785937629263 -12.505061825908657 20.88625381106073 -4.02282039467645 -4.2545093014571771 -11.404603902058749 9.2353433644866225 -9.6206770152537331 20.252786621694963 6.2347316713426206
4.0827913409961587 -8.8922682482379454 -6.435873896793697 -17.32907237950905 67.8879672815482 16.933091163052833 -4.5513034318034178 -18.361980376543073 -7.8670937247102355 -23.630679498932313 2.4244772559591645 -2.5645327527238453 1.3554485401185188 14.767431089577224 6.0051241395828985 15.549527128370514 17.914880319172852 1.7228385089315741 -26.146381343644528
-15.625713653584661 1.8651405676132173 -15.553403941995327 -16.382633558512907 16.933091163052833 54.711666009337215 4.0751068983183227 -0.15069683317277455 -12.113357929738298 -4.3770137026024933 -14.16783242332653 -11.835277105011091 -19.375982465891301 11.727680266843517 -7.350401691721105 -6.2336571450084399 -20.296341873695546 -14.706241445095378 -13.928688055886106
-16.02273227381794 -13.885465390015669 -2.2012992203495232 -9.220425590207288 -4.5513034318034178 4.0751068983183227 62.312185770940445 12.361944920239937 -6.5710574206230934 -12.413662802429712 3.5123330910299346 -11.86473405135537 -10.920935848654876 -3.3517957777082823 -8.3803056313505984 -7.4554664535481034 5.8106979739428155 3.825871903275206 4.5261110328766954
-21.213747939225986 -7.1069877942700606 -21.733760107328354 5.4601730920500513 -18.361980376543073 -0.15069683317277455 12.361944920239937 69.428314253108894 -18.863762541893109 4.1696234750239318 -14.086068450911851 -4.1139701577865191 -6.6907735732046163 -5.153350284351963 6.8173536061949589 -13.562936297351595 -0.013247734195195657 11.162591754349217 -2.4226810294718422
2.5229035929771571 -12.410196089193947 6.8534458346785714 -13.11111200393352 -7.8670937247102355 -12.113357929738298 -6.5710574206230934 -18.863762541893109 67.431791775530669 15.374156514070348 -6.1856985768222117 8.3977682920261572 -2.152821463842177 -1.6963876675486254 22.55508187846738 1.9939279438335993 18.005930637573339 14.873021179086447 20.307762579047616
-16.996961931889562 -3.9785980912884611 -5.4090645463710496 -1.0006785937629263 -23.630679498932313 -4.3770137026024933 -12.413662802429712 4.1696234750239318 15.374156514070348 60.378705564440878 -10.881807186706991 -22.529696310111259 9.5328504847471915 -18.185377756809068 14.172748359897639 -8.4550312998807904 -0.47776846683797747 30.787564087723513 7.8101022338651083
1.19668779467876 -16.166194647345037 -10.86481188144127 -12.505061825908657 2.4244772559591645 -14.16783242332653 3.5123330910299346 -14.086068450911851 -6.1856985768222117 -10.881807186706991 61.696989715622841 -10.14874105509605 16.143372195110722 2.518939701614777 -21.176681584462532 -0.76829543659618171 -6.7250054341543777 -14.898591463168939 13.553346438128369
7.9045171232549762 8.9922410679804887 13.93602954916402 20.88625381106073 -2.5645327527238453 -11.835277105011091 -11.86473405135537 -4.1139701577865191 8.3977682920261572 -22.529696310111259 -10.14874105509605 64.147274998984471 9.4848394407984671 22.963725993444964 -14.25684799396759 15.768751592787131 21.686872713865185 6.4310333747667299 14.334672342225572
26.760999121564012 -3.9834362652043214 -15.902578625515055 -4.02282039467645 1.3554485401185188 -19.375982465891301 -10.920935848654876 -6.6907735732046163 -2.152821463842177 9.5328504847471915 16.143372195110722 9.4848394407984671 69.017740171085535 20.171481858145075 8.2873693097607113 7.7475844200724397 10.748556737036846 -14.989977993416385 17.954477464153083
-0.52343751224314417 -0.65847356784596567 1.2551049993460195 -4.2545093014571771 14.767431089577224 11.727680266843517 -3.3517957777082823 -5.153350284351963 -1.6963876675486254 -18.185377756809068 2.518939701614777 22.963725993444964 20.171481858145075 76.6454991179058 19.63575719348967 9.1334177948458724 1.3768168478393705 -7.4594990985109062 15.472433709149243
-2.4371002284803387 2.7076959123733433 12.282398691927524 -11.404603902058749 6.0051241395828985 -7.350401691721105 -8.3803056313505984 6.8173536061949589 22.55508187846738 14.172748359897639 -21.176681584462532 -14.25684799396759 8.2873693097607113 19.63575719348967 84.645484284123512 -19.682375858698375 25.836096328757684 -4.5636037142075203 -7.9632204452167148
24.902354076024764 9.1775378425155587 -23.511980255861133 9.2353433644866225 15.549527128370514 -6.2336571450084399 -7.4554664535481034 -13.562936297351595 1.9939279438335993 -8.4550312998807904 -0.76829543659618171 15.768751592787131 7.7475844200724397 9.1334177948458724 -19.682375858698375 59.318507995574045 6.1711531027457074 2.6461645819948387 4.7581782127990238
-6.8376529097323147 4.7020613090583447 -2.2012804639411443 -9.6206770152537331 17.914880319172852 -20.296341873695546 5.8106979739428155 -0.013247734195195657 18.005930637573339 -0.47776846683797747 -6.7250054341543777 21.686872713865185 10.748556737036846 1.3768168478393705 25.836096328757684 6.1711531027457074 76.500455199284161 25.303022369170062 -3.6102274302682664
-29.288964441077947 -26.045738547105643 16.33771140393873 20.252786621694963 1.7228385089315741 -14.706241445095378 3.825871903275206 11.162591754349217 14.873021179086447 30.787564087723513 -14.898591463168939 6.4310333747667299 -14.989977993416385 -7.4594990985109062 -4.5636037142075203 2.6461645819948387 25.303022369170062 87.516808070822691 -12.923172168860452
-7.3282365991546472 4.9471935423856754 -21.709882725726246 6.2347316713426206 -26.146381343644528 -13.928688055886106 4.5261110328766954 -2.4226810294718422 20.307762579047616 7.8101022338651083 13.553346438128369 14.334672342225572 17.954477464153083 15.472433709149243 -7.9632204452167148 4.7581782127990238 -3.6102274302682664 -12.923172168860452 77.443767414332797
