# Positive frame Gram complementary to U=<F,O+F> in disc43_rank20_ns_gram.txt.
# det=43; norm-2 roots have rank 15 and count 110 (E6+D4+2A2+A1).
2 -1 0 0 0 0 0 0 0 0 0 0 0 0 0 1 1 -1
-1 2 0 -1 0 0 0 0 0 0 0 0 0 0 0 0 0 0
0 0 2 0 -1 0 0 0 0 0 0 0 0 0 0 -1 -1 0
0 -1 0 2 -1 -1 0 0 0 0 0 0 0 0 0 0 0 0
0 0 -1 -1 2 0 0 0 0 0 0 0 0 0 0 0 0 0
0 0 0 -1 0 2 0 0 0 0 0 0 0 0 0 0 0 0
0 0 0 0 0 0 2 -1 0 0 0 0 0 0 0 -1 0 -1
0 0 0 0 0 0 -1 2 -1 -1 0 0 0 0 0 0 0 0
0 0 0 0 0 0 0 -1 2 0 0 0 0 0 0 0 -1 1
0 0 0 0 0 0 0 -1 0 2 0 0 0 0 0 0 0 0
0 0 0 0 0 0 0 0 0 0 2 -1 0 0 0 0 0 0
0 0 0 0 0 0 0 0 0 0 -1 2 0 0 0 0 -1 1
0 0 0 0 0 0 0 0 0 0 0 0 2 -1 0 0 0 0
0 0 0 0 0 0 0 0 0 0 0 0 -1 2 0 1 1 -1
0 0 0 0 0 0 0 0 0 0 0 0 0 0 2 1 1 -1
1 0 -1 0 0 0 -1 0 0 0 0 0 0 1 1 4 2 0
1 0 -1 0 0 0 0 0 -1 0 0 -1 0 1 1 2 8 -9
-1 0 0 0 0 0 -1 0 1 0 0 1 0 -1 -1 0 -9 14
