# CM(-43) E7+E8/MW3 Kumar closure with the explicit (P3,Q79) marking.
# Primitive-closure glue k=211; determinant 43.
# Reproduced by:
#   sage elkies-k3/scripts/classify_kumar_cm_frame_extensions.sage \
#     --search-max-q 60 --print-marked-cm43-frame
1864 1 0 -1 1 -1 2 0 0 0 0 0 0 0 0 2107 120 8428
1 2 0 -1 0 0 0 0 0 0 0 0 0 0 0 0 0 0
0 0 2 -1 0 0 0 0 0 0 0 0 0 0 0 0 0 0
-1 -1 -1 2 -1 0 0 0 0 0 0 0 0 0 0 0 0 0
1 0 0 -1 2 -1 0 0 0 0 0 0 0 0 0 0 0 0
-1 0 0 0 -1 2 -1 0 0 0 0 0 0 0 0 0 0 0
2 0 0 0 0 -1 2 0 0 0 0 0 0 0 0 0 1 0
0 0 0 0 0 0 0 2 0 -1 0 0 0 0 0 0 0 0
0 0 0 0 0 0 0 0 2 0 -1 0 0 0 0 0 0 0
0 0 0 0 0 0 0 -1 0 2 -1 0 0 0 0 0 0 0
0 0 0 0 0 0 0 0 -1 -1 2 -1 0 0 0 0 0 0
0 0 0 0 0 0 0 0 0 0 -1 2 -1 0 0 0 0 0
0 0 0 0 0 0 0 0 0 0 0 -1 2 -1 0 0 0 0
0 0 0 0 0 0 0 0 0 0 0 0 -1 2 -1 0 0 0
0 0 0 0 0 0 0 0 0 0 0 0 0 -1 2 0 0 0
2107 0 0 0 0 0 0 0 0 0 0 0 0 0 0 2548 0 10191
120 0 0 0 0 0 1 0 0 0 0 0 0 0 0 0 120 0
8428 0 0 0 0 0 0 0 0 0 0 0 0 0 0 10191 0 40764
