# q=80 neighbor of the H2 Kumar E7+E8/MW2 frame.
# Weyl-orbit witness (2,3,4,6,5,4,3,6,9,12,18,15,12,8,4,2,1), (a,b)=(4,20).
# Reproduced by scripts/classify_kumar_cm_frame_extensions.sage --search-max-q 80.
2 0 -1 0 0 0 0 0 0 0 0 0 0 0 0 0 0
0 2 0 -1 0 0 0 0 0 0 0 0 0 0 0 0 0
-1 0 2 -1 0 0 0 0 0 0 0 0 0 0 0 0 0
0 -1 -1 2 -1 0 0 0 0 0 0 0 0 0 0 0 0
0 0 0 -1 2 -1 0 0 0 0 0 0 0 0 0 0 0
0 0 0 0 -1 2 0 0 0 0 0 0 1 0 0 3 -1
0 0 0 0 0 0 2 0 -1 0 0 0 0 0 0 0 0
0 0 0 0 0 0 0 2 0 -1 0 0 0 0 0 0 0
0 0 0 0 0 0 -1 0 2 -1 0 0 0 0 0 0 0
0 0 0 0 0 0 0 -1 -1 2 0 -1 1 0 0 -1 0
0 0 0 0 0 0 0 0 0 0 2 1 1 0 0 -1 0
0 0 0 0 0 0 0 0 0 -1 1 4 0 0 0 0 0
0 0 0 0 0 1 0 0 0 1 1 0 4 0 -1 4 -6
0 0 0 0 0 0 0 0 0 0 0 0 0 4 6 -4 -18
0 0 0 0 0 0 0 0 0 0 0 0 -1 6 18 -8 -12
0 0 0 0 0 3 0 0 0 -1 -1 0 4 -4 -8 24 5
0 0 0 0 0 -1 0 0 0 0 0 0 -6 -18 -12 5 126
