# Rows express [U + rank17_gram] in the initial generic q80 NS basis.
# Verified by scripts/verify_q80_to_rootless_path.sage.
# Canonical row serialization SHA-256:
# 7116a499931bd096ba47fffc377a28690754bb451af0bdd7403f0e50438bd00d
577158 589168 -292059 -291373 19521 -19464 -74422 -9055 -291419 -291460 4 -146472 78748 -79516 -73934 10326 -684 4868 -1
21354943 21799317 -10806232 -10780853 722282 -720174 -2753627 -335036 -10782553 -10784066 149 -5419487 2913691 -2942105 -2735570 382062 -25308 180116 -37
9839779 10044534 -4979216 -4967521 332812 -331829 -1268793 -154372 -4968302 -4968995 82 -2497132 1342553 -1355638 -1260487 176040 -11660 82995 -18
22664212 23135831 -11468763 -11441828 766560 -764333 -2922458 -355583 -11443635 -11445244 148 -5751770 3092322 -3122488 -2903280 405491 -26860 191158 -38
3667133 3743443 -1855681 -1851324 124026 -123679 -472868 -57539 -1851618 -1851882 12 -930671 500342 -505231 -469749 65614 -4347 30928 -5
13260835 13536779 -6710371 -6694611 448522 -447200 -1709922 -208045 -6695665 -6696602 103 -3365336 1809324 -1826963 -1698723 237245 -15714 111849 -24
1138238 1161923 -575981 -574629 38499 -38385 -146771 -17858 -574721 -574802 6 -288866 155302 -156817 -145807 20364 -1349 9600 -2
14221203 14517131 -7196348 -7179446 481001 -479592 -1833762 -223115 -7180576 -7181582 106 -3609066 1940357 -1959276 -1821743 254431 -16853 119949 -25
15962138 16294293 -8077313 -8058342 539883 -538305 -2058249 -250429 -8059609 -8060739 120 -4050881 2177892 -2199127 -2044758 285578 -18916 134633 -28
11497828 11737085 -5818240 -5804575 388888 -387751 -1482595 -180389 -5805490 -5806304 83 -2917930 1568775 -1584073 -1472875 205708 -13626 96978 -20
5202060 5310309 -2632398 -2626216 175944 -175439 -670788 -81618 -2626632 -2627003 27 -1320200 709771 -716699 -666377 93075 -6166 43875 -8
5589919 5706240 -2828662 -2822019 189069 -188510 -720793 -87698 -2822465 -2822860 42 -1418612 762694 -770131 -716072 100007 -6624 47148 -10
10167240 10378808 -5144918 -5132833 343893 -342865 -1311012 -159505 -5133634 -5134346 103 -2580208 1387238 -1400747 -1302449 181894 -12047 85760 -20
4425261 4517345 -2239308 -2234048 149682 -149226 -570611 -69422 -2234398 -2234707 47 -1123024 603792 -609670 -566889 79167 -5243 37327 -9
13048101 13319618 -6602720 -6587212 441329 -440023 -1682489 -204706 -6588248 -6589168 109 -3311337 1780301 -1797652 -1671477 233439 -15462 110056 -24
7875553 8039435 -3985262 -3975903 266372 -265596 -1015520 -123561 -3976535 -3977095 46 -1998681 1074544 -1085030 -1008852 140904 -9334 66424 -13
2747579 2804752 -1390350 -1387084 92940 -92645 -354278 -43098 -1387298 -1387486 43 -697248 374891 -378531 -351984 49148 -3254 23178 -7
-8036699 -8203935 4066808 4057256 -271822 271030 1036298 126088 4057895 4058465 -57 2039564 -1096535 1107229 1029503 -143784 9524 -67785 14
17102043 17457918 -8654136 -8633810 578442 -576740 -2205230 -268309 -8635166 -8636373 138 -4340152 2333425 -2356170 -2190788 305968 -20266 144249 -31
