4 2 -1 1 -1 -2 -1 -1 1 -2 2 -1 -2 1 -1 1 -2
2 564 -273 339 -106 -10 -35 -100 -249 -335 -57 356 271 -267 111 -359 262
-1 -273 144 -195 86 0 -27 48 149 145 -17 -184 -136 143 -37 182 -98
1 339 -195 380 -250 -48 189 -89 -285 -54 204 313 205 -171 11 -289 100
-1 -106 86 -250 270 39 -270 27 245 -186 -231 -66 -44 160 2 212 69
-2 -10 0 -48 39 62 -30 52 33 1 -100 -99 -29 -63 37 -12 -72
-1 -35 -27 189 -270 -30 338 -19 -233 286 288 -9 -36 -93 -48 -106 -155
-1 -100 48 -89 27 52 -19 126 105 129 -116 -215 -85 -65 55 -47 -132
1 -249 149 -285 245 33 -233 105 336 -31 -192 -163 -89 199 -14 212 -30
-2 -335 145 -54 -186 1 286 129 -31 628 136 -409 -229 -90 48 -66 -340
2 -57 -17 204 -231 -100 288 -116 -192 136 438 232 57 114 -172 54 -19
-1 356 -184 313 -66 -99 -9 -215 -163 -409 232 634 331 124 -121 -31 347
-2 271 -136 205 -44 -29 -36 -85 -89 -229 57 331 222 -24 -8 -121 187
1 -267 143 -171 160 -63 -93 -65 199 -90 114 124 -24 406 -182 380 77
-1 111 -37 11 2 37 -48 55 -14 48 -172 -121 -8 -182 148 -183 -10
1 -359 182 -289 212 -12 -106 -47 212 -66 54 -31 -121 380 -183 476 -18
-2 262 -98 100 69 -72 -155 -132 -30 -340 -19 347 187 77 -10 -18 320
