# Exact integral NS transport from the explicit terminal MW2 basis to
# U + (-rank17_gram). Rows use the explicit-basis order documented in
# mw2_e6_d4_a2a2_a1_explicit_basis.txt.
# Recompute and verify with:
#   sage elkies-k3/scripts/verify_mw2_rank17_transport.sage
15506 15504 -2609 -349 -12567 9222 -21 3 387 733 410 -3326 2589 24 2 37 -9593 38 -41
248128 248094 -41751 -5585 -201097 147570 -337 49 6195 11729 6561 -53221 41428 382 33 592 -153505 609 -656
-22688 -22684 3817 510 18387 -13494 30 -5 -566 -1072 -599 4867 -3789 -35 -2 -54 14036 -56 61
8377 8376 -1409 -188 -6789 4983 -11 1 209 395 221 -1798 1399 13 1 20 -5183 21 -22
5579 5578 -939 -126 -4522 3318 -8 0 140 264 148 -1196 931 9 1 13 -3452 14 -14
-23898 -23895 4021 538 19368 -14213 33 -4 -597 -1129 -631 5127 -3990 -37 -3 -58 14785 -59 62
1992 1991 -335 -45 -1614 1184 -3 0 50 94 52 -428 332 3 0 6 -1232 5 -4
6399 6399 -1077 -144 -5186 3806 -9 2 160 302 168 -1373 1069 10 0 16 -3959 16 -17
887 887 -149 -20 -719 528 0 0 22 41 24 -190 149 1 0 2 -549 1 -3
-62 -62 10 2 49 -38 0 0 -1 -3 -3 14 -11 -1 0 0 38 2 2
-17019 -17017 2864 383 13794 -10121 23 -3 -426 -805 -449 3650 -2841 -26 -2 -41 10529 -43 44
-30253 -30249 5090 680 24520 -17992 40 -6 -755 -1429 -799 6489 -5051 -46 -4 -72 18717 -75 79
1687 1687 -284 -38 -1367 1003 -3 0 42 81 44 -362 281 3 0 4 -1043 4 -4
-32709 -32705 5504 736 26509 -19453 45 -6 -816 -1547 -865 7016 -5461 -51 -4 -78 20235 -80 86
-1275 -1275 215 29 1033 -758 1 -1 -32 -61 -33 273 -213 -1 0 -3 789 -4 3
1569 1569 -264 -36 -1271 933 -2 1 39 75 41 -336 262 2 0 4 -971 4 -4
-6656 -6655 1121 149 5393 -3958 9 -2 -165 -314 -176 1428 -1112 -11 -1 -16 4117 -16 18
307075 307032 -51670 -6911 -248869 182627 -417 62 7665 14515 8119 -65865 51271 474 41 732 -189972 753 -813
466032 465970 -78416 -10490 -377699 277165 -633 92 11634 22030 12323 -99960 77810 719 62 1112 -288313 1143 -1232
