2 -1 0 2 1 -2 3 0 1 6 -1 2 1 -3 4 1 9
-1 4 1 -3 1 2 -3 0 -3 -8 1 -2 -1 3 -4 -3 -10
0 1 222 27 16 -16 -18 385 72 51 -522 23 277 -82 265 -307 86
2 -3 27 98 -31 20 94 -39 133 34 -69 108 143 5 131 108 137
1 1 16 -31 16 -12 -32 57 -41 -2 -31 -36 -23 -14 -16 -74 -34
-2 2 -16 20 -12 34 43 -30 44 4 16 36 31 16 11 70 38
3 -3 -18 94 -32 43 134 -94 134 45 27 116 112 14 91 183 159
0 0 385 -39 57 -30 -94 824 20 124 -949 -45 436 -191 421 -688 97
1 -3 72 133 -41 44 134 20 210 62 -192 156 255 -4 213 105 208
6 -8 51 34 -2 4 45 124 62 102 -154 41 143 -62 122 -52 126
-1 1 -522 -69 -31 16 27 -949 -192 -154 1274 -72 -699 206 -660 723 -247
2 -2 23 108 -36 36 116 -45 156 41 -72 128 165 9 143 136 161
1 -1 277 143 -23 31 112 436 255 143 -699 165 536 -109 475 -221 303
-3 3 -82 5 -14 16 14 -191 -4 -62 206 9 -109 64 -104 157 -49
4 -4 265 131 -16 11 91 421 213 122 -660 143 475 -104 460 -235 272
1 -3 -307 108 -74 70 183 -688 105 -52 723 136 -221 157 -235 674 64
9 -10 86 137 -34 38 159 97 208 126 -247 161 303 -49 272 64 284
