2 -1 0 0 -1 0 -1 0 -1 0 0 1 -1 1 -1 -1 0
-1 142 -42 82 -66 -16 12 198 90 24 225 117 146 -89 -29 -157 123
0 -42 104 6 -42 28 -23 -100 3 -20 -2 -32 -63 66 -11 51 70
0 82 6 86 -30 -4 -22 85 68 12 104 54 71 -3 -23 -84 86
-1 -66 -42 -30 162 -20 -64 -36 -44 -15 -287 -70 -100 27 20 48 -150
0 -16 28 -4 -20 26 1 -57 4 0 12 -20 -11 18 18 17 23
-1 12 -23 -22 -64 1 82 -7 -38 18 102 20 53 -6 5 42 -25
0 198 -100 85 -36 -57 -7 368 115 24 248 187 186 -183 -65 -255 138
-1 90 3 68 -44 4 -38 115 132 -13 151 54 72 -80 -4 -167 161
0 24 -20 12 -15 0 18 24 -13 28 52 25 45 -2 -4 -4 -8
0 225 -2 104 -287 12 102 248 151 52 638 206 291 -154 -42 -241 324
1 117 -32 54 -70 -20 20 187 54 25 206 124 125 -82 -51 -119 105
-1 146 -63 71 -100 -11 53 186 72 45 291 125 188 -94 -23 -141 106
1 -89 66 -3 27 18 -6 -183 -80 -2 -154 -82 -94 174 4 168 -96
-1 -29 -11 -23 20 18 5 -65 -4 -4 -42 -51 -23 4 52 15 -33
-1 -157 51 -84 48 17 42 -255 -167 -4 -241 -119 -141 168 15 276 -202
0 123 70 86 -150 23 -25 138 161 -8 324 105 106 -96 -33 -202 300
