2 -1 0 0 2 -3 0 1 0 -1 1 4 -2 1 -3 0 0
-1 32 -3 -44 26 -12 -38 -43 17 14 57 -72 -34 79 29 67 2
0 -3 96 -63 2 -4 34 -55 67 30 19 -2 43 -114 34 49 16
0 -44 -63 124 -60 37 29 100 -61 -28 -142 120 45 -75 -49 -171 -22
2 26 2 -60 102 -70 -33 -81 -21 -20 174 -93 -107 223 2 126 37
-3 -12 -4 37 -70 58 14 38 18 18 -120 43 71 -136 15 -89 -21
0 -38 34 29 -33 14 74 59 -11 -24 -35 88 42 -122 -54 -37 10
1 -43 -55 100 -81 38 59 174 -62 -45 -110 133 43 -127 -110 -96 -32
0 17 67 -61 -21 18 -11 -62 90 59 -33 -31 59 -122 76 23 -10
-1 14 30 -28 -20 18 -24 -45 59 54 -55 -18 47 -82 71 -10 -21
1 57 19 -142 174 -120 -35 -110 -33 -55 374 -192 -207 394 -40 311 77
4 -72 -2 120 -93 43 88 133 -31 -18 -192 204 108 -249 -68 -189 -28
-2 -34 43 45 -107 71 42 43 59 47 -207 108 150 -306 38 -148 -38
1 79 -114 -75 223 -136 -122 -127 -122 -82 394 -249 -306 674 -30 254 74
-3 29 34 -49 2 15 -54 -110 76 71 -40 -68 38 -30 124 -9 -12
0 67 49 -171 126 -89 -37 -96 23 -10 311 -189 -148 254 -9 326 44
0 2 16 -22 37 -21 10 -32 -10 -21 77 -28 -38 74 -12 44 32
