2 0 -1 0 0 0 -1 0 -1 0 0 0 0 1 -1 0 0
0 16 -4 4 4 1 11 1 0 16 -12 -27 4 0 3 -18 -17
-1 -4 54 13 -25 -20 26 -69 20 -41 24 90 -99 53 2 23 11
0 4 13 14 -2 -12 13 -22 -2 -3 -3 17 -26 15 4 -5 -4
0 4 -25 -2 28 11 -4 32 -22 16 -22 -52 40 -24 3 -14 -6
0 1 -20 -12 11 32 -5 28 -3 10 -14 -47 53 -21 -1 -1 -4
-1 11 26 13 -4 -5 38 -40 9 -16 -8 29 -61 39 -1 -1 -6
0 1 -69 -22 32 28 -40 98 -23 51 -27 -118 136 -76 -1 -26 -10
-1 0 20 -2 -22 -3 9 -23 24 -12 18 37 -33 22 -5 13 5
0 16 -41 -3 16 10 -16 51 -12 54 -17 -84 87 -46 6 -32 -23
0 -12 24 -3 -22 -14 -8 -27 18 -17 44 67 -39 17 -2 29 21
0 -27 90 17 -52 -47 29 -118 37 -84 67 204 -183 95 -9 63 45
0 4 -99 -26 40 53 -61 136 -33 87 -39 -183 230 -120 7 -40 -24
1 0 53 15 -24 -21 39 -76 22 -46 17 95 -120 70 -7 23 11
-1 3 2 4 3 -1 -1 -1 -5 6 -2 -9 7 -7 10 -8 -6
0 -18 23 -5 -14 -1 -1 -26 13 -32 29 63 -40 23 -8 38 26
0 -17 11 -4 -6 -4 -6 -10 5 -23 21 45 -24 11 -6 26 24
