2 0 1 0 -2 0 -1 -1 0 0 1 -1 0 0 -2 -1 1
0 2 -1 0 0 0 0 0 -1 -1 1 0 1 0 0 -1 -1
1 -1 18 -14 7 10 11 -16 -7 -5 6 6 -3 -6 -7 -1 1
0 0 -14 72 -63 -18 -17 4 -32 -18 26 -8 -12 -22 -31 -5 38
-2 0 7 -63 66 14 10 2 33 17 -28 8 9 20 34 7 -40
0 0 10 -18 14 12 10 -10 2 0 -1 7 4 -2 7 2 -5
-1 0 11 -17 10 10 18 -13 -8 -3 0 4 0 3 2 -5 -3
-1 0 -16 4 2 -10 -13 20 14 7 -9 -8 6 10 9 3 -7
0 -1 -7 -32 33 2 -8 14 42 24 -23 4 9 16 29 15 -25
0 -1 -5 -18 17 0 -3 7 24 22 -17 3 0 11 19 6 -16
1 1 6 26 -28 -1 0 -9 -23 -17 22 -3 -4 -13 -22 -5 20
-1 0 6 -8 8 7 4 -8 4 3 -3 16 -4 -10 7 8 -3
0 1 -3 -12 9 4 0 6 9 0 -4 -4 16 5 9 2 -4
0 0 -6 -22 20 -2 3 10 16 11 -13 -10 5 26 14 -4 -18
-2 0 -7 -31 34 7 2 9 29 19 -22 7 9 14 34 9 -25
-1 -1 -1 -5 7 2 -5 3 15 6 -5 8 2 -4 9 12 -4
1 -1 1 38 -40 -5 -3 -7 -25 -16 20 -3 -4 -18 -25 -4 30
