2 0 1 1 -1 1 -1 -2 -1 1 -1 -1 -2 1 -1 -1 -2
0 2 -1 -1 -1 0 0 0 0 0 0 0 0 -1 0 0 0
1 -1 50 11 -18 -1 -13 36 28 34 -88 5 -45 13 11 8 -29
1 -1 11 20 6 8 -15 -25 -2 31 -15 3 9 28 23 -23 -16
-1 -1 -18 6 32 -15 -8 -31 -18 7 30 10 55 29 23 11 6
1 0 -1 8 -15 44 6 -24 11 13 12 -22 -24 -5 -15 -56 -8
-1 0 -13 -15 -8 6 44 30 10 -11 -15 -13 -44 -36 -11 28 29
-2 0 36 -25 -31 -24 30 106 40 -14 -101 5 -90 -46 -16 75 10
-1 0 28 -2 -18 11 10 40 38 21 -68 -3 -54 -7 -1 10 -7
1 0 34 31 7 13 -11 -14 21 76 -81 4 -13 50 49 -11 -25
-1 0 -88 -15 30 12 -15 -101 -68 -81 224 -14 126 -10 -46 -66 25
-1 0 5 3 10 -22 -13 5 -3 4 -14 20 17 11 19 19 -1
-2 0 -45 9 55 -24 -44 -90 -54 -13 126 17 150 57 21 -19 0
1 -1 13 28 29 -5 -36 -46 -7 50 -10 11 57 70 44 -15 -27
-1 0 11 23 23 -15 -11 -16 -1 49 -46 19 21 44 56 15 -6
-1 0 8 -23 11 -56 28 75 10 -11 -66 19 -19 -15 15 116 26
-2 0 -29 -16 6 -8 29 10 -7 -25 25 -1 0 -27 -6 26 34
