# Positive rank-18 frame of the discriminant-43 Picard-rank-20 K3.
# Basis: E6[1..6], D4[1..4], A2_P2[1..2], A2_P1[1..2], A1, P1', P2', S'.
2 -1 0 0 0 0 0 0 0 0 0 0 0 0 0 -1 0 0
-1 2 0 -1 0 0 0 0 0 0 0 0 0 0 0 0 0 0
0 0 2 0 -1 0 0 0 0 0 0 0 0 0 0 0 -1 -1
0 -1 0 2 -1 -1 0 0 0 0 0 0 0 0 0 0 0 0
0 0 -1 -1 2 0 0 0 0 0 0 0 0 0 0 0 0 0
0 0 0 -1 0 2 0 0 0 0 0 0 0 0 0 0 0 0
0 0 0 0 0 0 2 -1 0 0 0 0 0 0 0 0 0 -1
0 0 0 0 0 0 -1 2 -1 -1 0 0 0 0 0 0 0 0
0 0 0 0 0 0 0 -1 2 0 0 0 0 0 0 0 -1 0
0 0 0 0 0 0 0 -1 0 2 0 0 0 0 0 0 0 0
0 0 0 0 0 0 0 0 0 0 2 -1 0 0 0 0 0 0
0 0 0 0 0 0 0 0 0 0 -1 2 0 0 0 0 -1 0
0 0 0 0 0 0 0 0 0 0 0 0 2 -1 0 0 0 0
0 0 0 0 0 0 0 0 0 0 0 0 -1 2 0 -1 0 0
0 0 0 0 0 0 0 0 0 0 0 0 0 0 2 -1 0 0
-1 0 0 0 0 0 0 0 0 0 0 0 0 -1 -1 4 1 2
0 0 -1 0 0 0 0 0 -1 0 0 -1 0 0 0 1 6 1
0 0 -1 0 0 0 -1 0 0 0 0 0 0 0 0 2 1 4
