2 1 -1 0 0 -1 0 -1 0 1 0 0 0 0 0 -1 0
1 46 -2 29 -22 9 -32 -26 -5 -7 25 -14 55 10 28 7 -5
-1 -2 16 2 -2 7 7 -3 0 13 -15 -5 6 0 -15 -9 8
0 29 2 32 -11 8 -35 -17 5 -15 21 -4 35 4 21 3 4
0 -22 -2 -11 18 -4 7 12 1 -9 -8 13 -22 -4 -9 -4 -3
-1 9 7 8 -4 20 -14 -16 -3 -12 -5 -7 32 4 8 -10 10
0 -32 7 -35 7 -14 52 20 -5 38 -33 -1 -46 -6 -39 -6 -7
-1 -26 -3 -17 12 -16 20 38 14 11 0 11 -47 -6 -17 17 4
0 -5 0 5 1 -3 -5 14 24 1 8 2 -10 0 1 15 21
1 -7 13 -15 -9 -12 38 11 1 48 -20 -11 -22 -1 -32 1 -1
0 25 -15 21 -8 -5 -33 0 8 -20 42 4 17 5 34 24 2
0 -14 -5 -4 13 -7 -1 11 2 -11 4 14 -20 -4 0 2 -1
0 55 6 35 -22 32 -46 -47 -10 -22 17 -20 98 18 37 -5 4
0 10 0 4 -4 4 -6 -6 0 -1 5 -4 18 6 7 3 1
0 28 -15 21 -9 8 -39 -17 1 -32 34 0 37 7 42 12 5
-1 7 -9 3 -4 -10 -6 17 15 1 24 2 -5 3 12 28 8
0 -5 8 4 -3 10 -7 4 21 -1 2 -1 4 1 5 8 44
