2 0 0 -1 1 0 -1 -1 0 -1 -1 1 0 -1 0 1 1
0 8 0 -2 -7 -5 5 5 -14 2 2 5 2 -4 -3 -5 -1
0 0 8 3 11 -3 1 -4 3 1 1 -7 0 7 -1 2 5
-1 -2 3 18 21 -6 -4 -12 13 6 5 -16 4 11 2 -3 6
1 -7 11 21 50 1 -16 -27 32 -6 -4 -21 6 20 14 12 26
0 -5 -3 -6 1 24 5 9 -1 -9 -2 6 -8 -4 9 9 9
-1 5 1 -4 -16 5 26 23 -27 9 16 -1 -10 -2 -11 -13 -9
-1 5 -4 -12 -27 9 23 34 -31 8 13 9 -16 -3 -15 -9 -18
0 -14 3 13 32 -1 -27 -31 46 -10 -12 -14 6 12 13 17 11
-1 2 1 6 -6 -9 9 8 -10 16 10 -7 -2 5 -12 -12 -11
-1 2 1 5 -4 -2 16 13 -12 10 18 -8 -8 6 -11 -11 -9
1 5 -7 -16 -21 6 -1 9 -14 -7 -8 22 1 -16 3 4 -1
0 2 0 4 6 -8 -10 -16 6 -2 -8 1 14 -5 9 -1 11
-1 -4 7 11 20 -4 -2 -3 12 5 6 -16 -5 20 -6 1 -1
0 -3 -1 2 14 9 -11 -15 13 -12 -11 3 9 -6 20 9 20
1 -5 2 -3 12 9 -13 -9 17 -12 -11 4 -1 1 9 18 10
1 -1 5 6 26 9 -9 -18 11 -11 -9 -1 11 -1 20 10 32
