8054726790456728065 1602631363356264054 -7519334844080171064 9007712264591013197 1390059668477506877 4909258073397890061 6738735420950316762 -6554838413183600756 -8829934532567825541 8603567913524808734 -1203135531297228465 1751700451163453863 -551794670958551522 -4232956368321671720 6995126047964685737 -6555413558756885135 3758317728601226698
-5997136690072406330 -8398860070588436580 1903276828646496621 -3496056076105340638 -961500068667484757 -8711676676782640602 -6823671086483185135 -7298793603806603405 381018769930543620 -8187453669298771549 -1673781451651975977 8360791220591215657 -2602320418384825311 5213426727088085122 -3311388189556376815 6183034221110617902 -1246019787701687906
-5646394539315392160 1307307313611486045 2788616284718728481 -2241871512988702139 -8882639201801591195 3087673693827335804 1409079587594333997 -8187156049679377554 7531079557840313276 3924333592744288515 -7739183024891434193 -2114923957265723328 -3427279304532188647 -8219383835813394411 -1120744877028132519 -7202405649972986198 -6606917276993656176
4298370389593809056 -9069123604683896983 -6116540168211434457 -6663065153409304159 -5733305768880511533 4200461612748889819 -5941171975828759720 -2673934405705444438 -6729321045936914079 -1703073128719427147 -3654715958316460042 -8354837376467916288 -6514633268722563528 -4551248149227889625 1970555574411614850 4865406821810553374 2516535842621272936
-4852328667520955174 -3763449470072096867 -1756475230572844831 -7099328089926453714 -8949003278619501326 8342485313954867769 953700967972590528 972771452050060810 5626216518348915124 4413681480879014024 -2399489974889819365 -8612378510319754927 7780006008525928733 733694946101903957 3519967991272972737 -5380802988172698821 1561613840999860449
-644912394776152270 -6852804118339179147 4179591783913637405 -5572535808138418643 8519115219844953703 -2243040127531167803 -3419838175832413445 2381197015335112711 6542109057651323390 2568601069267606353 3128185554259989726 7667909688660778805 -2018917800839609931 -2451300565348254567 5145829249817355538 3459144637017251702 4038979186731291720
5735195729413901382 7123989692932228143 90069706826467026 2794133343057264534 5062462955930296348 -5116058872033947461 -721727009887588899 7745523780422314704 3805581188412570073 -8601658195553449482 -3181095312896695110 5285672590489388270 1755283636606480020 -6747749357544045945 -610896099610892923 -5068740886608815197 -8792171069982669177
-481465036029077259 -1934976172632543599 213117609204748674 -1994832655796167249 3190219848352221127 -4732342249612932500 8951600160542363141 5508389914795449571 -2957251389592736808 -7917095765988652276 6676043714959541279 -5580910433276208518 -279453911005664005 4651596605701372808 -8723367089911629175 7748824000485079995 6093209285508094535
3769442901571069738 -1509269723686838999 5583912682794742967 6210000708198265913 -4798294999564911421 -3017908792760752059 328153881732800889 1777229687473354527 7214938925022465259 -3913030066427676161 3410681505845768285 6384297216172937237 4692769987433312671 -3768655490082885790 7424295621666974357 -872022864127911232 5559462685403688118
-2316071426655647866 -1953411307946967448 5008314055290602995 283398629223005830 6278825111786740714 3050782196159979909 -8813705421849730993 1979597845350316434 -4832532251776984390 1544534032640252096 -4532547406085666953 1938401488487306514 -2332019561084088114 -6058192110491425935 4142959998002330626 -6975247523847619353 -761556656085612625
-4877806062124469610 2212346905533580509 -335397867906694403 1724511368940280509 1999047723422578422 -8402181884459946734 -7693964029395158318 -6718503193066603957 3234261752792735469 -5774044423364124866 8994818768242169715 1511472396413983535 1516004906191412765 156295199801429824 3823705842429886114 -3945290054456438676 -7632627938800942967
1063627908964297408 9076934792514983216 894611554319941128 -4957441047232133950 7926489415190262482 367599862381771562 2531569554879472130 -297187170994111899 1419922708290787483 2378293352359428255 -6346308076208660650 3939241082837429565 -3509959081916729348 -1584252964050856283 5408780230158210694 8103512012978068687 -6587655309262179308
7773562933902573279 -177766178999652679 8204998155668587479 4306642810134403028 8626371327675105968 -9073302553167803524 -3632807924854876681 -2389247889623775528 9030021088579702029 -5272489361674623133 8445554064140075696 -3454413161851170031 8922924098052412398 6456832625853032115 -3774544422654681121 4407490157786655936 -734825052617477997
6368820935589894485 5324699756098275307 -2568017918813971921 7556990868788201578 9006361610038258571 -6696757352522232363 739180580062315693 2951477196252353263 8934128736899537176 -3899574897959191884 -5620573784937632651 254529232320316241 4092955268882313411 8161260978628808024 -4988773634170277607 2708456220391643654 4206413579686951613
-9040561802259598258 -8783703086604423504 -7336775159940504054 -8489185366363793830 4722051138036619993 -419963634057768628 -4310446576372874121 6341817022973543400 -7437546627173700195 -438922558453529805 -4277730870581165199 -5563452309248749391 -6122811136698989578 -4927584803070063492 -1710976834359836511 -2778820134572994097 -8521514109575871689
1059057650525805868 -4232536441931335488 -5900711133730792482 5515395541700152115 4516996199833778747 7746460928989788660 7227495812055087425 8909656996614857802 1312341094451952 -536505736988360228 8894495089367426921 1572726767309984751 5020466628710250080 -1752179912437326770 -7076916490247461331 -6238783207480360682 7053268510713168703
4582027052092881779 3893089709689461287 -4889166534156008933 1647047594045181456 545223542082376686 4572066547108658515 -7579311756127792016 2540457815107086689 5411618340037395810 2436722086454718586 1947990273340664272 -3480905039326541893 8721494944139573090 7314265442491962168 -4494112487628219066 3555417993402677113 -8930055087964858667
