-1 0 1
-0.12550154542908529 1 -0.61292701962048923
-0.040312631936102176 0.097116544387521195 0.13199836623190919
-0.03987465007878907 0.096023914666377941 0.13262751517954161
-0.039289771492937199 0.095391434783301976 0.13272269929328454
-0.039289432721391571 0.095390454608061115 0.13272276285955298
-0.039288343365468721 0.095390114298264342 0.1327229131253185
-0.039289708497676198 0.095390869039240767 0.13272355906797517
-0.14819963594228708 0.95402735915656689 -0.63619949304263368
-0.071864249328605009 0.12533173454495322 0.19292246398910079
-0.071308192359109845 0.1238257401725323 0.19391026135793116
-0.070565291637885511 0.12286454208659163 0.19405891244625392
-0.070564923322913142 0.12286368983704113 0.19405890725628791
-0.070563408109352604 0.12286273994089175 0.19405913689628934
-0.070565219300252585 0.12286409014916304 0.19405959081404311
0.24343362994909468 -0.76012128084850517 0.73489190336398136
0.24358349447596708 -0.76020586335659179 0.73464643609357605
0.24378449197610871 -0.76003642834020868 0.73460969537463239
0.24378399228949416 -0.7600367371702238 0.73460969835071743
0.24378463356132729 -0.76003613574258522 0.73460969895947692
0.24378416069152709 -0.76003619944703438 0.73461003508270106
-0.68770079332404688 -0.30649826863114865 0.39213033895790977
-0.18673426532085211 0.10831010348357949 0.3016350367984838
-0.18675353219631463 0.10841662687652047 0.30161649345593006
-0.18611972753844463 0.10886075209452799 0.30151652102642035
-0.18679395556996745 0.10838870006845744 0.30162336824538177
-0.18689516741414292 0.1085807960047407 0.30153477297084907
-0.18692903228068317 0.10878825159547302 0.30139260448349919
-0.18582316153627024 0.10889583812838785 0.30062762985594688
-0.18699968310283377 0.10878168919548346 0.30144179590491255
-0.11231399477621931 -0.089016438019475772 0.068533755885861344
0.19660331104851098 -0.17038645063616017 -0.2434866052804541
0.090032163998463144 0.3078289943528833 0.26113755285188106
0.18486477151129907 -0.08851635473365857 -0.34466257055700378
0.22307435754843249 -0.42841843533930324 0.37879989644273826
-0.16257729325552256 0.076793551765207343 0.30604655254445068
