-0.021807216141760948 0.019671278304407368 0.065979014941395825 -0.018453131078634288 -0.042954372849565214
-0.018371481347029654 0.0098272293743852605 0.055016784698825053 0.0039116024123954582 -0.022910877988326524
0.036079805212941379 -0.34340269166639148 1.0031367485592999 -1.1604344935005055 0.47908164865448449
0.01152452963039648 -0.013315593784791371 -0.033611030527396876 0.021605285946486519 0.030407048017152143
0.011589009874865852 -0.013482117573608031 -0.033578348852556596 0.021781784152493443 0.030300785597772512
0.011675496551962074 -0.013583771817683374 -0.033654177841464142 0.021887154251726909 0.030284883577176947
0.011675431948916425 -0.013583358679257914 -0.033654431398181077 0.021886830750390305 0.030284908084419769
0.011675715365816587 -0.013583722333506887 -0.033654497958463529 0.02188721786635963 0.030284888204699486
0.011675439294696499 -0.013583504842410974 -0.033654620240486245 0.021887150580884942 0.030285241208863563
0.011819376053465074 -0.014009764784593835 -0.033589006455313243 0.022674044368483783 0.029867289620205087
