-1 0 1
1.5695259772085823 1 -2.4676454722532011
0.14160020957756611 -0.3340693178572412 0.15843395748619632
0.14160020957756528 -0.33406931785724359 0.15843395748619457
-0.14158312401073617 0.33407596716450511 -0.15845701492551828
-0.059062072038555846 0.0073432859327993809 0.13465860595772253
0.14160020957756389 -0.33406931785724631 0.1584339574861931
-0.12061395346111968 0.26667602518283212 -0.12443901871305456
0.61862639672078357 0.11160230913357204 -0.71885860624563913
0.14160020957756653 -0.33406931785724125 0.15843395748619787
0.14160020957756614 -0.33406931785724342 0.1584339574861954
-0.14157748764926864 0.33406266868294771 -0.15845070766144387
-0.059062072038554889 0.0073432859327984224 0.13465860595772303
0.14160020957756508 -0.3340693178572457 0.15843395748619357
-0.12061395346111672 0.26667602518282518 -0.12443901871305064
0.14160020957756578 -0.33406931785724137 0.15843395748619568
0.14160020957756492 -0.33406931785724375 0.15843395748619415
-0.14158595161991647 0.33408263865084492 -0.15846017910828084
-0.059062072038556304 0.0073432859327999438 0.1346586059577223
0.141600209577563 -0.3340693178572462 0.15843395748619296
-0.12061395346112112 0.26667602518283551 -0.12443901871305654
-0.15920222584582308 -0.22613040646933405 0.42744784004906994
-0.14160020957767608 0.33406931785755717 -0.15843395748637423
-0.059062072038557102 0.0073432859327982368 0.13465860595772408
-0.15128847447936047 0.024715537482293888 0.13066818131745994
-0.1206139534611284 0.26667602518282973 -0.12443901871304185
-0.14160020957767686 0.33406931785755689 -0.15843395748637451
-0.059062072038558178 0.0073432859327986627 0.13465860595772414
-0.50985207175290337 0.38029975711444136 0.10362068988815369
-0.12061395346112883 0.26667602518282968 -0.12443901871304185
-0.059062072038195496 0.0073432859322672545 0.13465860595792345
0.14160020957767672 -0.33406931785755584 0.1584339574863744
-0.12061395345961043 0.26667602517975397 -0.12443901871165708
0.059062072038558372 -0.0073432859327972637 -0.13465860595772439
0.1484645964733452 -0.12259353891204657 -0.097544218982202613
-0.12061395346112923 0.26667602518282862 -0.12443901871304217
