rootmask = 8
rows = 0,2
h = 2
u = 27436
v = 75457
raw_det = 948
raw_index = 1
determinant = 948
root_reps_orthogonal = 1
norm4_reps_orthogonal = 1311

gram =
[[12 5 2 4 -3 2 -2]
 [5 8 1 1 -1 3 -1]
 [2 1 4 1 -1 1 1]
 [4 1 1 4 -1 1 0]
 [-3 -1 -1 -1 2 0 1]
 [2 3 1 1 0 2 0]
 [-2 -1 1 0 1 0 4]]

basis_coords =
[[-1 1 3 0 0 0 -1 -2 -2 -2 2 1 -1 1 1 -1 0 1 1 2 -1 -1 -1 -2]
 [1 -1 2 0 1 1 -3 -1 0 0 1 1 0 0 0 -2 0 -1 0 1 1 0 -1 -3]
 [0 0 1 -1 0 0 0 1 -1 0 0 0 0 0 0 0 0 0 0 0 0 1 0 -1]
 [-1 0 1 -1 0 0 0 -1 -1 0 0 0 0 1 0 0 0 0 -1 0 0 0 0 -1]
 [0 0 0 0 0 1 0 0 0 0 0 0 0 0 0 0 0 0 0 0 0 0 0 0]
 [0 0 1 0 1 1 -1 -1 0 0 1 0 0 0 0 -1 0 0 0 1 0 0 -1 -2]
 [0 0 -1 0 0 -1 1 0 0 0 0 -1 0 1 -1 1 0 0 0 0 0 0 0 0]]

basis_hnf =
[[1 0 0 0 0 0 0 2 0 0 0 0 0 -1 0 0 0 0 1 0 0 1 0 0]
 [0 1 0 0 0 0 0 4 2 2 -2 2 1 -7 4 -2 0 1 0 -2 -1 2 1 4]
 [0 0 1 0 0 0 0 -2 -2 -2 2 -1 -1 4 -2 1 0 0 1 2 0 -1 -1 -3]
 [0 0 0 1 0 0 0 -3 -1 -2 2 -1 -1 4 -2 1 0 0 1 2 0 -2 -1 -2]
 [0 0 0 0 1 0 0 -1 0 0 1 -1 0 1 -1 0 0 0 0 1 0 0 -1 -2]
 [0 0 0 0 0 1 0 0 0 0 0 0 0 0 0 0 0 0 0 0 0 0 0 0]
 [0 0 0 0 0 0 1 -2 -2 -2 2 -2 -1 5 -3 2 0 0 1 2 0 -1 -1 -3]]
