rootmask = 128
rows = 0,2
h = 1
u = 23556
v = 16291
raw_det = 948
raw_index = 1
determinant = 948
root_reps_orthogonal = 1
norm4_reps_orthogonal = 1311

gram =
[[14 6 2 4 -4 2 -1]
 [6 8 0 1 -1 3 -1]
 [2 0 4 1 -1 0 -1]
 [4 1 1 4 -1 1 0]
 [-4 -1 -1 -1 2 0 1]
 [2 3 0 1 0 2 0]
 [-1 -1 -1 0 1 0 4]]

basis_coords =
[[0 0 2 0 0 -1 -1 -1 -1 -1 1 1 -1 1 0 -1 0 0 1 1 0 -1 0 -2]
 [1 -1 2 0 1 1 -3 -1 0 0 1 1 0 0 0 -2 0 -1 0 1 1 0 -1 -3]
 [0 -1 1 0 0 0 0 2 -1 0 0 0 -1 0 0 0 1 0 0 -1 1 1 1 0]
 [-1 0 1 -1 0 0 0 -1 -1 0 0 0 0 1 0 0 0 0 -1 0 0 0 0 -1]
 [0 0 0 0 0 1 0 0 0 0 0 0 0 0 0 0 0 0 0 0 0 0 0 0]
 [0 0 1 0 1 1 -1 -1 0 0 1 0 0 0 0 -1 0 0 0 1 0 0 -1 -2]
 [0 0 -1 0 0 -1 1 0 0 0 0 -1 0 1 -1 1 0 0 0 0 0 0 0 0]]

basis_hnf =
[[1 0 0 0 0 0 0 -4 -1 -2 2 -1 -1 6 -4 1 -1 -1 2 3 0 -3 -1 -5]
 [0 1 0 0 0 0 0 -3 0 -1 1 0 0 2 -1 0 -1 0 1 2 -1 -2 -1 -2]
 [0 0 1 0 0 0 0 -1 -1 -1 1 0 -1 2 -1 0 0 0 1 1 0 -1 0 -2]
 [0 0 0 1 0 0 0 4 1 1 -1 1 0 -5 3 -1 1 1 0 -2 0 2 1 4]
 [0 0 0 0 1 0 0 -1 0 0 1 -1 0 1 -1 0 0 0 0 1 0 0 -1 -2]
 [0 0 0 0 0 1 0 0 0 0 0 0 0 0 0 0 0 0 0 0 0 0 0 0]
 [0 0 0 0 0 0 1 -1 -1 -1 1 -1 -1 3 -2 1 0 0 1 1 0 -1 0 -2]]
