rootmask = 1024
rows = 0,2
h = 0
u = 3894
v = 96408
raw_det = 948
raw_index = 1
determinant = 948
root_reps_orthogonal = 1
norm4_reps_orthogonal = 1311

gram =
[[14 4 2 5 -4 2 -2]
 [4 6 1 1 -1 2 -2]
 [2 1 4 1 -1 0 0]
 [5 1 1 4 -1 1 0]
 [-4 -1 -1 -1 2 0 1]
 [2 2 0 1 0 2 0]
 [-2 -2 0 0 1 0 4]]

basis_coords =
[[-2 0 1 -1 1 -2 -1 -1 0 1 1 -1 1 0 0 -1 1 1 -1 1 0 0 -2 -2]
 [1 0 0 0 2 1 -2 -1 1 1 1 0 0 -1 0 -2 0 0 -1 1 1 0 -2 -2]
 [0 1 0 0 0 0 0 0 0 0 0 0 0 0 0 0 0 0 -1 0 0 0 0 0]
 [-1 0 1 -1 1 0 -1 1 -1 1 0 -1 0 0 0 0 1 0 -1 -1 1 1 0 -1]
 [0 0 0 0 0 1 0 0 0 0 0 0 0 0 0 0 0 0 0 0 0 0 0 0]
 [0 0 1 0 1 1 -1 -1 0 0 1 0 0 0 0 -1 0 0 0 1 0 0 -1 -2]
 [0 0 -1 0 0 -1 1 0 0 0 0 -1 0 1 -1 1 0 0 0 0 0 0 0 0]]

basis_hnf =
[[1 0 0 0 0 0 0 2 -1 0 -1 0 -1 0 0 1 0 -1 0 -2 1 1 2 1]
 [0 1 0 0 0 0 0 0 0 0 0 0 0 0 0 0 0 0 -1 0 0 0 0 0]
 [0 0 1 0 0 0 1 1 -2 -1 0 -1 -1 2 -1 2 0 -1 1 -1 0 1 2 -1]
 [0 0 0 1 0 0 0 -4 2 -1 2 1 1 0 0 -2 -1 1 1 4 -2 -2 -3 -2]
 [0 0 0 0 1 0 0 -1 0 0 1 -1 0 1 -1 0 0 0 0 1 0 0 -1 -2]
 [0 0 0 0 0 1 0 0 0 0 0 0 0 0 0 0 0 0 0 0 0 0 0 0]
 [0 0 0 0 0 0 2 1 -2 -1 0 -2 -1 3 -2 3 0 -1 1 -1 0 1 2 -1]]
