rootmask = 8192
rows = 0,2
h = 0
u = 18960
v = 92916
raw_det = 948
raw_index = 1
determinant = 948
root_reps_orthogonal = 1
norm4_reps_orthogonal = 1311

gram =
[[20 8 3 -1 -5 0 1]
 [8 14 4 -4 -2 3 1]
 [3 4 4 -1 -1 0 0]
 [-1 -4 -1 4 0 0 0]
 [-5 -2 -1 0 2 0 1]
 [0 3 0 0 0 2 0]
 [1 1 0 0 1 0 4]]

basis_coords =
[[1 0 -1 0 -1 -3 1 0 0 -1 0 0 0 1 -1 0 -1 0 0 0 0 0 0 0]
 [1 -2 2 1 0 -1 -2 0 0 -1 1 1 0 1 -1 -1 0 -1 1 1 1 0 0 -3]
 [1 -1 -1 0 0 -2 0 0 1 0 -1 0 1 0 -1 0 0 0 0 0 0 -1 0 0]
 [-1 1 -1 -1 1 0 1 -1 0 1 0 -1 0 0 0 0 0 1 -1 0 0 0 -1 0]
 [0 0 0 0 0 1 0 0 0 0 0 0 0 0 0 0 0 0 0 0 0 0 0 0]
 [0 0 1 0 1 1 -1 -1 0 0 1 0 0 0 0 -1 0 0 0 1 0 0 -1 -2]
 [0 0 -1 0 0 -1 1 0 0 0 0 -1 0 1 -1 1 0 0 0 0 0 0 0 0]]

basis_hnf =
[[1 0 0 0 0 0 0 -1 0 -1 1 0 0 1 -1 -1 -1 0 0 1 0 0 -1 -2]
 [0 1 0 0 0 0 0 0 0 0 0 0 0 -1 1 0 0 0 0 0 -1 0 0 1]
 [0 0 1 0 0 0 0 -1 -1 -1 2 0 -1 2 -1 -1 -1 0 0 1 1 1 -1 -3]
 [0 0 0 1 0 0 0 1 0 0 0 -1 0 0 0 2 1 -1 1 0 -1 0 1 1]
 [0 0 0 0 1 0 0 -1 0 0 1 -1 0 1 -1 0 0 0 0 1 0 0 -1 -2]
 [0 0 0 0 0 1 0 0 0 0 0 0 0 0 0 0 0 0 0 0 0 0 0 0]
 [0 0 0 0 0 0 1 -1 -1 -1 2 -1 -1 3 -2 0 -1 0 0 1 1 1 -1 -3]]
