# source = elkies-k3/data/fibrations/golay720-corridor/q4-o0001-r13-n54-d486-55757bd7286f.txt
# q = 4
# factor_order = (2, 2)
# orbit_index = 1
# witness = (0, 1, 1, 0, 1, 2, 1, 0, 2, 2, 1, 1, 1, -1, 0, 0, 0)
# root_data = (12, 52, 288)
# ADE = A1+A1+A2+A3+A5
# MW_rank = 5
2 -1 0 0 0 0 0 0 0 0 0 0 -1 -1 -1 -1 0
-1 2 0 0 0 0 0 0 0 0 0 0 -1 -2 0 -1 0
0 0 2 0 0 0 0 0 0 0 0 0 1 -1 2 0 0
0 0 0 2 0 0 0 0 0 0 0 0 -1 -1 0 0 0
0 0 0 0 2 -1 0 0 0 0 0 0 1 1 1 1 0
0 0 0 0 -1 2 -1 0 0 0 0 0 0 0 0 0 0
0 0 0 0 0 -1 2 -1 0 0 0 0 -1 0 -2 -1 0
0 0 0 0 0 0 -1 2 -1 0 0 0 1 0 2 1 0
0 0 0 0 0 0 0 -1 2 0 0 0 -1 0 -1 -1 0
0 0 0 0 0 0 0 0 0 2 -1 0 -1 0 -1 -1 0
0 0 0 0 0 0 0 0 0 -1 2 -1 1 0 2 1 0
0 0 0 0 0 0 0 0 0 0 -1 2 -2 -1 -2 -1 0
-1 -1 1 -1 1 0 -1 1 -1 -1 1 -2 8 5 6 5 0
-1 -2 -1 -1 1 0 0 0 0 0 0 -1 5 8 1 4 0
-1 0 2 0 1 0 -2 2 -1 -1 2 -2 6 1 10 5 0
-1 -1 0 0 1 0 -1 1 -1 -1 1 -1 5 4 5 6 0
0 0 0 0 0 0 0 0 0 0 0 0 0 0 0 0 4
