# source = elkies-k3/data/fibrations/golay720-corridor/q4-o0001-r12-n52-d288-d42583cea964.txt
# q = 4
# factor_order = (2, 2)
# orbit_index = 1
# witness = (-1, -1, 1, 0, 1, 1, 1, 2, 1, 0, 1, 0, -1, 0, 0, 0, 0)
# root_data = (11, 70, 64)
# ADE = A1+A3+A7
# MW_rank = 6
2 0 -1 0 0 0 0 0 0 0 0 1 -1 1 -1 -1 0
0 2 -1 0 0 0 0 0 0 0 0 0 -4 2 -2 -1 0
-1 -1 2 0 0 0 0 0 0 0 0 -1 3 -2 2 0 0
0 0 0 2 0 0 0 0 0 0 0 1 0 1 -1 1 0
0 0 0 0 2 0 0 -1 0 0 0 1 1 0 0 1 0
0 0 0 0 0 2 -1 0 0 -1 0 0 -1 0 0 -2 0
0 0 0 0 0 -1 2 0 -1 0 0 -2 0 -1 1 -1 0
0 0 0 0 -1 0 0 2 -1 0 0 -1 -1 0 0 -1 0
0 0 0 0 0 0 -1 -1 2 0 0 2 1 1 -1 2 0
0 0 0 0 0 -1 0 0 0 2 -1 1 1 0 0 2 0
0 0 0 0 0 0 0 0 0 -1 2 0 0 0 0 0 0
1 0 -1 1 1 0 -2 -1 2 1 0 6 1 3 -3 4 0
-1 -4 3 0 1 -1 0 -1 1 1 0 1 12 -5 5 5 0
1 2 -2 1 0 0 -1 0 1 0 0 3 -5 6 -4 1 0
-1 -2 2 -1 0 0 1 0 -1 0 0 -3 5 -4 6 -1 0
-1 -1 0 1 1 -2 -1 -1 2 2 0 4 5 1 -1 10 0
0 0 0 0 0 0 0 0 0 0 0 0 0 0 0 0 4
