# source = elkies-k3/data/fibrations/golay720-corridor/q4-o20167-r1-n2-d2-176eeb0f3d34.txt
# q = 4
# factor_order = (2, 2)
# orbit_index = 1
# witness = (28, -2, -1, -1, -1, 2, 2, -1, 2, 0, 1, 0, 0, 1, 1, 0, 0)
# root_data = (1, 2, 2)
# ADE = A1
# MW_rank = 16
2 -1 -1 -1 1 -1 -1 1 3 3 1 -3 1 7 3 -5 5
-1 4 2 -1 0 -1 2 -2 -3 -3 1 1 1 -2 -3 1 -1
-1 2 4 0 1 0 0 0 -3 -3 -1 0 1 -4 -1 1 -3
-1 -1 0 4 -2 0 -1 -1 -1 -1 -1 3 0 -3 -1 2 -4
1 0 1 -2 4 -1 -1 1 0 0 0 -2 0 2 1 -3 2
-1 -1 0 0 -1 4 1 1 0 0 -2 1 -2 -5 0 3 -3
-1 2 0 -1 -1 1 4 -2 -2 -2 0 1 0 -3 -3 3 -2
1 -2 0 -1 1 1 -2 4 3 3 0 -3 0 2 3 -2 2
3 -3 -3 -1 0 0 -2 3 8 6 2 -4 0 10 5 -6 7
3 -3 -3 -1 0 0 -2 3 6 8 2 -5 1 10 6 -7 8
1 1 -1 -1 0 -2 0 0 2 2 4 -1 1 4 0 -3 4
-3 1 0 3 -2 1 1 -3 -4 -5 -1 8 -2 -10 -5 7 -8
1 1 1 0 0 -2 0 0 0 1 1 -2 4 5 1 -4 3
7 -2 -4 -3 2 -5 -3 2 10 10 4 -10 5 28 10 -18 19
3 -3 -1 -1 1 0 -3 3 5 6 0 -5 1 10 8 -7 7
-5 1 1 2 -3 3 3 -2 -6 -7 -3 7 -4 -18 -7 16 -13
5 -1 -3 -4 2 -3 -2 2 7 8 4 -8 3 19 7 -13 16
