# source = elkies-k3/data/fibrations/golay720-corridor/q4-o0116-r7-n44-d14-cbd5bf027d7d.txt
# q = 4
# factor_order = (2, 2)
# orbit_index = 253
# witness = (2, 0, 1, -1, 2, 2, 3, -1, -1, -1, -1, 1, 0, 0, 0, 0, -1)
# root_data = (6, 32, 12)
# ADE = A1+A5
# MW_rank = 11
2 0 0 0 0 0 -1 1 -1 -3 -2 -1 -1 -3 3 -2 2
0 2 -1 0 0 0 1 3 -1 -2 -1 -2 2 -1 -2 0 5
0 -1 2 -1 0 0 -1 -4 1 3 2 2 -2 0 1 0 -4
0 0 -1 2 -1 0 1 3 -1 -2 -3 -3 0 1 0 2 3
0 0 0 -1 2 -1 0 -1 0 1 1 2 0 -1 0 -1 -2
0 0 0 0 -1 2 -2 -2 1 0 1 2 -1 1 2 -2 -4
-1 1 -1 1 0 -2 6 6 -1 -1 -1 -4 4 1 -6 5 8
1 3 -4 3 -1 -2 6 16 -5 -10 -7 -10 7 -2 -5 3 21
-1 -1 1 -1 0 1 -1 -5 4 3 4 4 -1 2 0 -1 -7
-3 -2 3 -2 1 0 -1 -10 3 12 7 7 -2 5 -2 2 -13
-2 -1 2 -3 1 1 -1 -7 4 7 10 9 1 3 -2 -2 -11
-1 -2 2 -3 2 2 -4 -10 4 7 9 14 -3 3 4 -5 -19
-1 2 -2 0 0 -1 4 7 -1 -2 1 -3 8 0 -7 1 10
-3 -1 0 1 -1 1 1 -2 2 5 3 3 0 8 -3 3 -6
3 -2 1 0 0 2 -6 -5 0 -2 -2 4 -7 -3 12 -6 -9
-2 0 0 2 -1 -2 5 3 -1 2 -2 -5 1 3 -6 10 6
2 5 -4 3 -2 -4 8 21 -7 -13 -11 -19 10 -6 -9 6 38
