# source = elkies-k3/data/fibrations/golay720-corridor/q4-o0456-r5-n30-d6-9b0199a3e572.txt
# q = 6
# factor_order = (3, 2)
# orbit_index = 19833
# witness = (4, 2, -2, 6, -4, -1, 1, -1, -2, 0, 0, -1, 1, 0, 0, 1, 1)
# root_data = (4, 20, 5)
# ADE = A4
# MW_rank = 13
2 -1 0 0 2 -2 -2 -1 -1 -5 0 1 1 1 0 -1 -1
-1 2 0 -1 -2 3 3 1 0 6 -1 -1 1 -1 0 0 2
0 0 2 -1 1 6 0 -1 -6 1 -3 -2 3 -3 -5 2 -1
0 -1 -1 2 0 -7 -2 0 6 -4 4 2 -4 2 4 -1 -1
2 -2 1 0 6 -1 -4 -1 -5 -8 0 -1 3 -1 -4 -1 -1
-2 3 6 -7 -1 34 6 -2 -25 18 -16 -10 14 -12 -20 9 1
-2 3 0 -2 -4 6 8 1 -3 11 -4 -2 1 -1 0 1 4
-1 1 -1 0 -1 -2 1 4 3 3 1 0 0 1 2 -2 2
-1 0 -6 6 -5 -25 -3 3 30 -4 16 8 -14 9 19 -6 1
-5 6 1 -4 -8 18 11 3 -4 26 -6 -5 4 -5 -5 4 6
0 -1 -3 4 0 -16 -4 1 16 -6 12 5 -8 4 10 -4 0
1 -1 -2 2 -1 -10 -2 0 8 -5 5 6 -4 5 7 -3 -2
1 1 3 -4 3 14 1 0 -14 4 -8 -4 12 -5 -11 1 1
1 -1 -3 2 -1 -12 -1 1 9 -5 4 5 -5 8 8 -4 0
0 0 -5 4 -4 -20 0 2 19 -5 10 7 -11 8 18 -6 1
-1 0 2 -1 -1 9 1 -2 -6 4 -4 -3 1 -4 -6 6 -1
-1 2 -1 -1 -1 1 4 2 1 6 0 -2 1 0 1 -1 6
