# source = elkies-k3/data/fibrations/golay720-corridor/q6-o19833-r4-n20-d5-7111b266f8a9.txt
# q = 6
# factor_order = (3, 2)
# orbit_index = 106836
# witness = (0, 0, 1, -1, -4, -2, -1, -1, -1, 0, 1, -2, 1, 0, -1, -1, 0)
# root_data = (3, 8, 6)
# ADE = A1+A2
# MW_rank = 14
2 0 0 -3 1 9 1 12 7 7 -15 9 12 3 7 -12 -9
0 2 -1 0 -1 -3 -1 -5 -2 -1 5 -4 -3 -2 1 2 1
0 -1 2 1 0 -5 -2 -9 -7 -8 12 -5 -13 2 -7 13 9
-3 0 1 8 -3 -19 -4 -27 -16 -16 33 -19 -29 -5 -16 28 19
1 -1 0 -3 4 8 3 14 8 6 -15 9 12 2 6 -11 -7
9 -3 -5 -19 8 76 18 111 69 69 -139 78 123 12 59 -119 -84
1 -1 -2 -4 3 18 8 29 19 17 -34 18 33 0 14 -30 -21
12 -5 -9 -27 14 111 29 176 110 110 -214 117 191 15 90 -183 -128
7 -2 -7 -16 8 69 19 110 72 70 -134 73 122 7 59 -117 -82
7 -1 -8 -16 6 69 17 110 70 76 -138 72 126 6 61 -123 -86
-15 5 12 33 -15 -139 -34 -214 -134 -138 268 -146 -238 -18 -113 232 162
9 -4 -5 -19 9 78 18 117 73 72 -146 84 128 14 60 -124 -86
12 -3 -13 -29 12 123 33 191 122 126 -238 128 220 11 104 -211 -148
3 -2 2 -5 2 12 0 15 7 6 -18 14 11 10 5 -11 -7
7 1 -7 -16 6 59 14 90 59 61 -113 60 104 5 56 -102 -72
-12 2 13 28 -11 -119 -30 -183 -117 -123 232 -124 -211 -11 -102 208 145
-9 1 9 19 -7 -84 -21 -128 -82 -86 162 -86 -148 -7 -72 145 104
