rootmask = 4503599627370496
rows = 0,1
h = 0
u = 44678
v = 44
raw_det = 948
raw_index = 1
determinant = 948
root_reps_orthogonal = 1
norm4_reps_orthogonal = 1311

gram =
[[24 0 3 1 2 2 -3]
 [0 8 -7 3 3 1 1]
 [3 -7 14 2 -2 1 -4]
 [1 3 2 12 2 6 -7]
 [2 3 -2 2 2 0 -1]
 [2 1 1 6 0 6 -3]
 [-3 1 -4 -7 -1 -3 6]]

basis_coords =
[[1 6 -1 -2 -1 -1 -1 1 -9 1 -6 5 1 -1 -2 0 -1 1 1 -2 -2 -4 3 2]
 [0 2 0 -1 0 3 2 0 -5 0 -4 2 0 0 -3 0 0 0 2 -1 -1 -1 1 3]
 [0 -1 -1 0 0 -4 -3 1 5 -1 4 0 0 0 4 -1 -1 0 -3 2 1 1 -2 -2]
 [0 2 0 -1 0 0 -1 0 -2 0 -1 2 0 0 0 0 0 0 -1 -1 -1 -1 -1 2]
 [0 2 0 -1 0 1 1 0 -4 0 -3 2 0 0 -2 0 0 0 1 -1 -1 -1 1 2]
 [0 1 0 0 0 0 -1 0 1 0 1 0 0 0 1 0 0 0 -1 0 0 0 -1 0]
 [0 -2 0 1 0 1 1 0 2 0 1 -2 0 0 0 0 0 0 1 1 1 1 0 -1]]

basis_hnf =
[[1 0 0 0 -1 0 0 0 -6 2 -4 1 1 -1 -2 1 0 1 2 -2 -1 -3 0 3]
 [0 1 0 0 0 0 0 0 0 0 0 0 0 0 0 0 0 0 0 0 0 0 0 0]
 [0 0 1 0 0 0 0 -1 -2 1 -1 0 0 0 -1 1 1 0 0 -2 -1 -1 0 1]
 [0 0 0 1 0 0 0 0 3 0 2 -2 0 0 1 0 0 0 0 1 1 1 0 -2]
 [0 0 0 0 0 1 0 0 0 0 0 0 0 0 0 0 0 0 0 0 0 0 0 0]
 [0 0 0 0 0 0 1 0 -1 0 -1 0 0 0 -1 0 0 0 1 0 0 0 0 1]
 [0 0 0 0 0 0 0 0 0 0 0 0 0 0 0 0 0 0 0 0 0 0 1 -1]]
