rootmask = 128
rows = 0,1
h = 0
u = 87559
v = 95470
raw_det = 948
raw_index = 1
determinant = 948
root_reps_orthogonal = 1
norm4_reps_orthogonal = 1311

gram =
[[26 15 5 -2 -6 0 0]
 [15 20 4 0 -3 3 4]
 [5 4 4 -1 -1 0 0]
 [-2 0 -1 4 0 0 0]
 [-6 -3 -1 0 2 0 1]
 [0 3 0 0 0 2 0]
 [0 4 0 0 1 0 4]]

basis_coords =
[[1 0 -1 0 -1 -4 1 0 0 -1 0 0 0 1 -1 1 -1 0 0 0 0 0 0 0]
 [0 -1 0 0 1 -3 0 -1 0 0 1 -1 0 2 -2 0 0 0 0 1 1 0 -1 -3]
 [2 0 -1 1 1 -1 0 0 0 -1 0 0 -1 0 -1 0 0 0 1 0 0 -1 0 0]
 [-1 1 -1 -1 1 0 1 -1 0 1 0 -1 0 0 0 0 0 1 -1 0 0 0 -1 0]
 [0 0 0 0 0 1 0 0 0 0 0 0 0 0 0 0 0 0 0 0 0 0 0 0]
 [0 0 1 0 1 1 -1 -1 0 0 1 0 0 0 0 -1 0 0 0 1 0 0 -1 -2]
 [0 0 -1 0 0 -1 1 0 0 0 0 -1 0 1 -1 1 0 0 0 0 0 0 0 0]]

basis_hnf =
[[1 0 0 0 0 0 0 -1 0 -1 1 0 0 1 -1 0 -1 0 0 1 0 0 -1 -2]
 [0 1 0 0 0 0 0 0 0 0 0 0 0 -1 1 0 0 0 0 0 -1 0 0 1]
 [0 0 1 0 0 0 0 -2 0 -1 3 -2 1 3 -2 1 -1 -1 0 3 -1 1 -2 -5]
 [0 0 0 1 0 0 0 1 0 0 0 -1 0 0 0 1 1 -1 1 0 -1 0 1 1]
 [0 0 0 0 1 0 0 -1 0 0 1 -1 0 1 -1 0 0 0 0 1 0 0 -1 -2]
 [0 0 0 0 0 1 0 0 0 0 0 0 0 0 0 0 0 0 0 0 0 0 0 0]
 [0 0 0 0 0 0 1 -2 0 -1 3 -3 1 4 -3 2 -1 -1 0 3 -1 1 -2 -5]]
