rootmask = 8
rows = 0,2
h = 1
u = 77197
v = 23718
raw_det = 948
raw_index = 1
determinant = 948
root_reps_orthogonal = 1
norm4_reps_orthogonal = 1311

gram =
[[12 0 0 4 -3 -1 0]
 [0 8 -1 1 -1 3 -1]
 [0 -1 4 0 -1 0 0]
 [4 1 0 6 -2 1 -1]
 [-3 -1 -1 -2 2 0 1]
 [-1 3 0 1 0 2 0]
 [0 -1 0 -1 1 0 4]]

basis_coords =
[[-1 1 2 1 -2 -2 0 0 -1 -2 1 1 -1 1 1 0 0 0 1 1 0 0 0 1]
 [1 -1 2 0 1 1 -3 -1 0 0 1 1 0 0 0 -2 0 -1 0 1 1 0 -1 -3]
 [1 1 -1 1 1 -1 1 -1 0 -1 0 -1 0 0 -1 1 0 0 1 0 -2 -1 0 0]
 [-2 1 0 -1 1 0 0 -1 0 1 1 -1 0 0 1 0 0 1 -1 1 0 0 -1 -1]
 [0 0 0 0 0 1 0 0 0 0 0 0 0 0 0 0 0 0 0 0 0 0 0 0]
 [0 0 1 0 1 1 -1 -1 0 0 1 0 0 0 0 -1 0 0 0 1 0 0 -1 -2]
 [0 0 -1 0 0 -1 1 0 0 0 0 -1 0 1 -1 1 0 0 0 0 0 0 0 0]]

basis_hnf =
[[1 0 0 0 0 0 0 2 1 1 -3 3 1 -6 3 -2 0 1 0 -3 -2 0 2 4]
 [0 1 0 0 0 0 1 2 1 1 -3 3 1 -7 4 -2 0 2 0 -3 -3 0 2 5]
 [0 0 1 0 0 0 1 2 1 1 -2 3 1 -6 3 -3 0 2 0 -2 -2 1 1 3]
 [0 0 0 1 0 0 1 -2 -1 -2 3 -3 -1 6 -4 2 0 -1 1 3 1 0 -2 -4]
 [0 0 0 0 1 0 0 -1 0 0 1 -1 0 1 -1 0 0 0 0 1 0 0 -1 -2]
 [0 0 0 0 0 1 0 0 0 0 0 0 0 0 0 0 0 0 0 0 0 0 0 0]
 [0 0 0 0 0 0 2 2 1 1 -2 2 1 -5 2 -2 0 2 0 -2 -2 1 1 3]]
