rootmask = 8388608
rows = 0,1
h = 1
u = 83133
v = 92128
raw_det = 948
raw_index = 1
determinant = 948
root_reps_orthogonal = 1
norm4_reps_orthogonal = 1311

gram =
[[14 0 -4 0 -2 -1 -1]
 [0 8 2 3 -1 3 1]
 [-4 2 4 2 -1 1 0]
 [0 3 2 4 -1 1 0]
 [-2 -1 -1 -1 2 0 1]
 [-1 3 1 1 0 2 0]
 [-1 1 0 0 1 0 4]]

basis_coords =
[[0 2 2 0 -2 0 -1 -1 0 -2 1 3 -1 0 2 -2 -1 0 1 2 0 -1 -1 1]
 [0 -1 2 0 0 0 -2 -1 0 0 1 0 0 1 0 -1 0 -1 0 1 1 1 -1 -3]
 [0 -1 0 0 1 0 0 1 -1 1 0 -2 0 0 -1 1 1 0 -1 -1 0 1 1 -1]
 [-1 0 1 -1 0 0 -1 0 -2 0 0 -1 0 1 0 1 1 0 -1 -1 0 0 1 -1]
 [0 0 0 0 0 1 0 0 0 0 0 0 0 0 0 0 0 0 0 0 0 0 0 0]
 [0 0 1 0 1 1 -1 -1 0 0 1 0 0 0 0 -1 0 0 0 1 0 0 -1 -2]
 [0 0 -1 0 0 -1 1 0 0 0 0 -1 0 1 -1 1 0 0 0 0 0 0 0 0]]

basis_hnf =
[[1 0 0 1 0 0 0 0 2 0 0 2 0 -2 1 -2 -1 0 1 1 0 0 -1 1]
 [0 1 0 0 0 0 0 1 0 0 -1 2 0 -3 2 -1 0 1 0 -1 -1 -1 1 3]
 [0 0 1 0 0 0 0 1 -2 0 1 -2 -1 1 -1 1 1 0 -1 0 0 1 1 -1]
 [0 0 0 0 1 0 0 2 -1 1 -1 0 0 -3 1 0 1 1 -1 -2 -1 0 2 2]
 [0 0 0 0 0 1 0 0 0 0 0 0 0 0 0 0 0 0 0 0 0 0 0 0]
 [0 0 0 0 0 0 1 1 -2 0 1 -3 -1 2 -2 2 1 0 -1 0 0 1 1 -1]
 [0 0 0 0 0 0 0 3 -1 1 -2 1 0 -4 2 0 1 1 -1 -3 -1 0 3 4]]
