rootmask = 36028797018963968
rows = 0,2
h = 1
u = 35266
v = 34492
raw_det = 948
raw_index = 1
determinant = 948
root_reps_orthogonal = 1
norm4_reps_orthogonal = 1311

gram =
[[50 -7 -4 0 1 -2 -6]
 [-7 4 2 -1 -1 1 3]
 [-4 2 8 -3 -3 0 2]
 [0 -1 -3 12 2 6 -7]
 [1 -1 -3 2 2 0 -1]
 [-2 1 0 6 0 6 -3]
 [-6 3 2 -7 -1 -3 6]]

basis_coords =
[[2 13 2 -4 1 -5 -4 2 -13 1 -11 9 1 0 -5 -2 -1 1 -3 -6 -7 -5 6 1]
 [0 -2 0 1 0 1 0 0 3 0 2 -2 0 0 1 0 0 0 0 1 1 1 -1 -1]
 [0 -4 0 2 -1 -2 -1 0 8 0 6 -5 0 1 4 0 0 0 -2 2 2 2 -2 -3]
 [0 2 0 -1 0 0 -1 0 -2 0 -1 2 0 0 0 0 0 0 -1 -1 -1 -1 -1 2]
 [0 2 0 -1 0 1 1 0 -4 0 -3 2 0 0 -2 0 0 0 1 -1 -1 -1 1 2]
 [0 1 0 0 0 0 1 0 0 0 1 -1 1 1 -1 1 2 0 -1 -1 -1 -1 -1 0]
 [0 -2 0 1 0 1 1 0 2 0 1 -2 0 0 0 0 0 0 1 1 1 1 0 -1]]

basis_hnf =
[[2 0 2 0 0 0 0 2 -9 1 -16 5 -4 -4 -4 -7 -11 1 10 3 2 4 0 13]
 [0 1 0 0 0 0 0 0 1 0 2 -1 1 1 0 1 2 0 -2 -1 -1 -1 0 -2]
 [0 0 0 1 0 0 0 0 5 0 6 -4 2 2 1 2 4 0 -4 -1 -1 -1 0 -6]
 [0 0 0 0 1 0 0 0 -1 0 -1 1 0 -1 -1 0 0 0 1 0 0 0 0 0]
 [0 0 0 0 0 1 0 0 0 0 0 0 0 0 0 0 0 0 0 0 0 0 0 0]
 [0 0 0 0 0 0 1 0 -1 0 -1 0 0 0 -1 0 0 0 1 0 0 0 0 1]
 [0 0 0 0 0 0 0 0 0 0 0 0 0 0 0 0 0 0 0 0 0 0 1 -1]]
