rootmask = 32768
rows = 0,2
h = 3
u = 17693
v = 17691
raw_det = 948
raw_index = 1
determinant = 948
root_reps_orthogonal = 1
norm4_reps_orthogonal = 1311

gram =
[[28 -2 1 -2 1 1 -2]
 [-2 2 -1 -1 1 -1 2]
 [1 -1 10 1 -1 0 -2]
 [-2 -1 1 12 2 6 -7]
 [1 1 -1 2 2 0 -1]
 [1 -1 0 6 0 6 -3]
 [-2 2 -2 -7 -1 -3 6]]

basis_coords =
[[1 8 -1 -2 1 -1 -1 1 -11 1 -8 7 1 -1 -4 0 -1 1 1 -3 -3 -4 4 1]
 [0 0 0 0 0 1 1 0 -1 0 -1 0 0 0 -1 0 0 0 1 0 0 0 0 1]
 [0 -2 -1 0 0 -3 -2 1 5 -1 4 -1 0 0 4 -1 -1 0 -2 2 2 1 -2 -1]
 [0 2 0 -1 0 0 -1 0 -2 0 -1 2 0 0 0 0 0 0 -1 -1 -1 -1 -1 2]
 [0 2 0 -1 0 1 1 0 -4 0 -3 2 0 0 -2 0 0 0 1 -1 -1 -1 1 2]
 [0 1 0 0 0 0 -1 0 1 0 1 0 0 0 1 0 0 0 -1 0 0 0 -1 0]
 [0 -2 0 1 0 1 1 0 2 0 1 -2 0 0 0 0 0 0 1 1 1 1 0 -1]]

basis_hnf =
[[1 0 0 0 1 0 0 0 -9 2 -7 4 1 -1 -5 1 0 1 2 -3 -3 -3 0 3]
 [0 1 0 0 0 0 0 0 0 0 0 0 0 0 0 0 0 0 0 0 0 0 0 0]
 [0 0 1 0 0 0 0 -1 -3 1 -2 1 0 0 -2 1 1 0 0 -2 -2 -1 0 1]
 [0 0 0 1 0 0 0 0 3 0 2 -2 0 0 1 0 0 0 0 1 1 1 0 -2]
 [0 0 0 0 0 1 0 0 0 0 0 0 0 0 0 0 0 0 0 0 0 0 0 0]
 [0 0 0 0 0 0 1 0 -1 0 -1 0 0 0 -1 0 0 0 1 0 0 0 0 1]
 [0 0 0 0 0 0 0 0 0 0 0 0 0 0 0 0 0 0 0 0 0 0 1 -1]]
