iteration = 507
determinant = 948
root_reps_orthogonal = 2
norm4_reps_orthogonal = 1305
energy = 0.043

gram =
[[8 1 1 0 -3 0 0]
 [1 8 0 -2 -1 3 -1]
 [1 0 4 0 -1 0 0]
 [0 -2 0 4 0 0 0]
 [-3 -1 -1 0 2 0 1]
 [0 3 0 0 0 2 0]
 [0 -1 0 0 1 0 4]]

basis_coords =
[[1 1 -1 0 0 -2 1 -1 1 -1 0 0 0 0 0 0 -1 0 1 1 -1 -1 -1 0]
 [1 -1 2 0 1 1 -3 -1 0 0 1 1 0 0 0 -2 0 -1 0 1 1 0 -1 -3]
 [1 0 0 1 0 -1 0 0 0 -1 0 0 0 0 -1 0 0 0 0 0 0 0 0 0]
 [-1 1 -1 -1 1 0 1 -1 0 1 0 -1 0 0 0 0 0 1 -1 0 0 0 -1 0]
 [0 0 0 0 0 1 0 0 0 0 0 0 0 0 0 0 0 0 0 0 0 0 0 0]
 [0 0 1 0 1 1 -1 -1 0 0 1 0 0 0 0 -1 0 0 0 1 0 0 -1 -2]
 [0 0 -1 0 0 -1 1 0 0 0 0 -1 0 1 -1 1 0 0 0 0 0 0 0 0]]
