rootmask = 4503599627370496
rows = 0,2
h = 3
u = 31153
v = 17693
raw_det = 948
raw_index = 1
determinant = 948
root_reps_orthogonal = 1
norm4_reps_orthogonal = 1311

gram =
[[28 -2 6 -2 1 1 -2]
 [-2 2 -4 -1 1 -1 2]
 [6 -4 16 -1 -3 0 -3]
 [-2 -1 -1 12 2 6 -7]
 [1 1 -3 2 2 0 -1]
 [1 -1 0 6 0 6 -3]
 [-2 2 -3 -7 -1 -3 6]]

basis_coords =
[[1 6 -1 -2 1 -1 -1 -1 -9 1 -6 5 1 -1 -2 0 -1 1 1 -4 -2 -2 4 1]
 [0 0 0 0 0 1 1 0 -1 0 -1 0 0 0 -1 0 0 0 1 0 0 0 0 1]
 [0 -1 -1 0 1 -4 -3 0 5 -1 4 0 0 0 4 -1 -1 0 -3 1 1 2 -1 -3]
 [0 2 0 -1 0 0 -1 0 -2 0 -1 2 0 0 0 0 0 0 -1 -1 -1 -1 -1 2]
 [0 2 0 -1 0 1 1 0 -4 0 -3 2 0 0 -2 0 0 0 1 -1 -1 -1 1 2]
 [0 1 0 0 0 0 -1 0 1 0 1 0 0 0 1 0 0 0 -1 0 0 0 -1 0]
 [0 -2 0 1 0 1 1 0 2 0 1 -2 0 0 0 0 0 0 1 1 1 1 0 -1]]

basis_hnf =
[[1 0 0 0 0 0 0 -1 -6 2 -4 1 1 -1 -2 1 0 1 2 -3 -1 -2 0 3]
 [0 1 0 0 0 0 0 0 0 0 0 0 0 0 0 0 0 0 0 0 0 0 0 0]
 [0 0 1 0 -1 0 0 0 -2 1 -1 0 0 0 -1 1 1 0 0 -1 -1 -2 0 1]
 [0 0 0 1 0 0 0 0 3 0 2 -2 0 0 1 0 0 0 0 1 1 1 0 -2]
 [0 0 0 0 0 1 0 0 0 0 0 0 0 0 0 0 0 0 0 0 0 0 0 0]
 [0 0 0 0 0 0 1 0 -1 0 -1 0 0 0 -1 0 0 0 1 0 0 0 0 1]
 [0 0 0 0 0 0 0 0 0 0 0 0 0 0 0 0 0 0 0 0 0 0 1 -1]]
