rootmask = 18014398509481984
rows = 0,5
h = 1
u = 54307
v = 74373
raw_det = 948
raw_index = 1
determinant = 948
root_reps_orthogonal = 1
norm4_reps_orthogonal = 1311

gram =
[[50 -8 -2 -3 0 -3 -4]
 [-8 6 3 1 1 0 1]
 [-2 3 8 -2 -2 -1 0]
 [-3 1 -2 12 2 6 -7]
 [0 1 -2 2 2 0 -1]
 [-3 0 -1 6 0 6 -3]
 [-4 1 0 -7 -1 -3 6]]

basis_coords =
[[2 9 -1 -3 2 -2 -2 1 -12 1 -9 8 1 -1 -4 -1 0 1 0 -5 -3 -5 6 0]
 [0 -1 0 0 0 0 0 0 1 0 1 -1 0 0 1 -1 0 0 0 0 1 1 -1 1]
 [0 -3 0 1 0 -3 -2 0 6 0 5 -3 0 0 4 -1 0 0 -2 1 2 2 -2 -2]
 [0 2 0 -1 0 0 -1 0 -2 0 -1 2 0 0 0 0 0 0 -1 -1 -1 -1 -1 2]
 [0 2 0 -1 0 1 1 0 -4 0 -3 2 0 0 -2 0 0 0 1 -1 -1 -1 1 2]
 [0 2 0 0 0 -1 1 1 1 -1 1 -1 1 2 -1 1 1 0 -2 -1 -1 -1 -1 0]
 [0 -2 0 1 0 1 1 0 2 0 1 -2 0 0 0 0 0 0 1 1 1 1 0 -1]]

basis_hnf =
[[2 0 -1 0 2 0 0 0 -6 2 -6 2 0 -3 -2 -3 -1 1 5 -1 2 0 0 4]
 [0 1 0 0 0 0 0 0 -1 0 -1 1 0 0 -1 1 0 0 0 0 -1 -1 0 0]
 [0 0 0 1 0 0 0 0 1 0 0 0 0 0 -1 2 0 0 0 1 -1 -1 0 -2]
 [0 0 0 0 0 1 0 0 0 0 0 0 0 0 0 0 0 0 0 0 0 0 0 0]
 [0 0 0 0 0 0 1 0 -1 0 -1 0 0 0 -1 0 0 0 1 0 0 0 0 1]
 [0 0 0 0 0 0 0 1 4 -1 4 -3 1 2 2 -1 1 0 -3 -1 1 1 0 -2]
 [0 0 0 0 0 0 0 0 0 0 0 0 0 0 0 0 0 0 0 0 0 0 1 -1]]
