1 0 1
-0.52688032817820063 1 -0.39569572135560227
-0.20596851168957997 0.12059736787684647 -0.19024430081010266
-0.38887952957978716 -0.28409989722158319 -0.42632078575301235
-0.37537441690925993 -0.2624997588077409 -0.40997808463073571
-0.37749628201482327 -0.26592610626365049 -0.41255009472128679
-0.3769571371717178 -0.26505670019023964 -0.41189672859069848
-0.35658531379278052 -0.23157235367157739 -0.38712520461655386
-0.61340893601892188 -0.013008729253038065 -0.61514756680613014
-0.44734276347605201 -0.20534985771006078 -0.47438357058260278
-0.56962663856242279 -0.47506680133435603 -0.63212236034374014
-0.5591372875002586 -0.45828998198527382 -0.61942817290124985
-0.5607769755586347 -0.4609377553825682 -0.62141586101737289
-0.5603600447140229 -0.46026541794783665 -0.62091056346703954
-0.54476335847573176 -0.43462938222533609 -0.60194399044485825
-0.038967002798763181 0.37774426880370393 0.010470183488678292
-0.2907716184546168 -0.1808574575131475 -0.31467997625108851
-0.2747462549560688 -0.1552265520503221 -0.29528864263228061
-0.27727484141537756 -0.15930961828119333 -0.29835346738281887
-0.27663274569616386 -0.15827420939494663 -0.29757538789543159
-0.25216310127711161 -0.1180549548780714 -0.26782298295827534
-0.046254109843929171 0.072535893921621311 -0.037065277450930863
-0.015509907416653727 0.12170651791473541 0.00012317459221690901
-0.020484411937532036 0.11367443116238038 -0.0059040232535585331
-0.019225847825474908 0.11570378081339186 -0.0043794866799785094
0.031328593318897459 0.19879063277129888 0.057065073799131748
0.20124426308735888 0.31817977149581922 0.25009236219223435
0.28251072663990578 0.44975067055558948 0.34998663549824333
0.25903029818432521 0.41178607184756 0.32113208014000716
-0.036895833928420337 -0.076029794388306746 -0.044029079889319159
0.14163247278912422 0.21822151034377357 0.12623242192543652
0.27511803862494333 0.42958884892205862 0.2725253790501983
-0.26559764541423209 -0.44158510218443203 -0.31879945260225806
0.16308401952786886 0.30798394739782481 0.37741892492103751
-0.21155187253029878 -0.35443453192375879 -0.25377891852323464
-0.2242702746479284 -0.37491474892195742 -0.26907672408818778
