-1 0 1
1.5347053976814562 1 -2.1010741568446551
-0.1072834206022204 0.12572459694562865 -0.11339992164874224
-0.15688993371248949 0.33262645318019235 -0.031499297840016247
0.022996527820457205 -0.026950946452275266 0.024308216001655468
0.11698750959290233 -0.13709847720762949 0.12365766875735085
-0.071032146270224902 0.36649933936288803 -0.13654162979888373
0.17212782673520852 -0.20171699537611487 0.18194159712537919
0.61703753097010194 0.12399163611088811 -0.68808854897624983
-0.10728342060221983 0.12572459694563753 -0.11339992164873974
-0.15132896186829006 0.37276540974240691 -0.062277073751654657
0.022996527820457927 -0.026950946452272882 0.024308216001656217
0.11698750959290255 -0.13709847720762874 0.12365766875735129
-0.044919943636553841 0.33831339594346493 -0.14894402929628564
0.1721278267352076 -0.20171699537611179 0.18194159712537858
-0.10728342060222144 0.12572459694562466 -0.1133999216487436
-0.15966158438636271 0.31262074750115998 -0.016159309482594846
0.022996527820457049 -0.026950946452276556 0.024308216001654979
0.11698750959290262 -0.1370984772076303 0.12365766875735028
-0.086138847192883394 0.38280576220410489 -0.12936646565976784
0.17212782673520804 -0.20171699537611526 0.18194159712537905
0.10728342060227691 -0.12572459694567123 0.11339992164872224
-0.11358036309458057 0.13310376111980343 -0.12005447828520963
0.03764940594784108 -0.044121711257297851 0.039796537196974485
0.10728342060222888 -0.12572459694557533 0.11339992164867582
0.1084466740473054 -0.12708860355062035 0.11462997138799676
0.022996527820439532 -0.026950946452260632 0.024308216001662053
0.11698750959289053 -0.13709847720762111 0.12365766875735419
0.21149780889496794 0.061531832703092051 -0.27073365577003955
0.17212782673519744 -0.2017169953761033 0.18194159712538668
-0.18914954532903686 0.22166362979046986 -0.1999331488009157
-0.022996527820455349 0.026950946452291864 -0.02430821600167744
-0.020817065171945159 0.024395344278253669 -0.022003597807387934
-0.11698750959290172 0.1370984772076419 -0.12365766875736521
-0.11109298245466964 0.13018664284424644 -0.11742465103990382
0.17212782673520541 -0.20171699537612262 0.18194159712539509
