rootmask = 524288
rows = 0,1
h = 1
u = 23568
v = 44248
raw_det = 948
raw_index = 1
determinant = 948
root_reps_orthogonal = 1
norm4_reps_orthogonal = 1311

gram =
[[16 4 -1 4 -4 1 -2]
 [4 14 4 4 -2 4 -1]
 [-1 4 4 0 -1 1 0]
 [4 4 0 4 -1 1 -1]
 [-4 -2 -1 -1 2 0 1]
 [1 4 1 1 0 2 0]
 [-2 -1 0 -1 1 0 4]]

basis_coords =
[[-1 1 3 -1 -1 -1 -1 -1 1 -1 1 3 0 0 2 -3 -1 0 1 2 1 0 -2 -1]
 [0 -1 1 -2 2 1 -3 -1 0 2 0 -1 1 0 0 -1 0 -1 -2 0 1 1 -1 -4]
 [0 -1 0 0 1 0 0 1 -1 1 0 -2 0 0 -1 1 1 0 -1 -1 0 1 1 -1]
 [-1 1 1 -1 1 1 -2 -1 0 0 1 0 0 0 1 -1 0 0 -1 0 1 0 -1 -1]
 [0 0 0 0 0 1 0 0 0 0 0 0 0 0 0 0 0 0 0 0 0 0 0 0]
 [0 0 1 0 1 1 -1 -1 0 0 1 0 0 0 0 -1 0 0 0 1 0 0 -1 -2]
 [0 0 -1 0 0 -1 1 0 0 0 0 -1 0 1 -1 1 0 0 0 0 0 0 0 0]]

basis_hnf =
[[1 0 0 1 0 0 1 -2 1 -1 1 1 0 1 -1 -1 -1 0 2 3 -1 -1 -2 -2]
 [0 1 0 0 0 0 0 -2 1 -1 1 1 0 1 0 -1 -1 0 1 2 0 -1 -2 -1]
 [0 0 1 0 0 0 2 -2 1 -1 2 0 0 3 -2 -1 -1 0 2 4 0 0 -3 -4]
 [0 0 0 2 0 0 2 1 -1 -1 1 -1 -1 0 -1 1 1 1 1 0 -1 0 1 1]
 [0 0 0 0 1 0 0 -1 0 0 1 -1 0 1 -1 0 0 0 0 1 0 0 -1 -2]
 [0 0 0 0 0 1 0 0 0 0 0 0 0 0 0 0 0 0 0 0 0 0 0 0]
 [0 0 0 0 0 0 3 -2 1 -1 2 -1 0 4 -3 0 -1 0 2 4 0 0 -3 -4]]
