rootmask = 2097152
rows = 0,1
h = 1
u = 4192
v = 70555
raw_det = 948
raw_index = 1
determinant = 948
root_reps_orthogonal = 1
norm4_reps_orthogonal = 1311

gram =
[[24 4 -7 2 -2 -1 -2]
 [4 16 1 3 -2 4 -2]
 [-7 1 4 0 -1 1 0]
 [2 3 0 4 -1 1 -1]
 [-2 -2 -1 -1 2 0 1]
 [-1 4 1 1 0 2 0]
 [-2 -2 0 -1 1 0 4]]

basis_coords =
[[0 2 2 0 -3 -1 0 -3 3 -3 1 6 0 0 3 -4 -3 0 3 4 0 -2 -3 1]
 [1 0 1 0 1 0 -2 -4 1 0 1 1 1 0 0 -2 -1 -1 0 3 -1 -1 -3 -4]
 [0 -1 0 0 1 0 0 1 -1 1 0 -2 0 0 -1 1 1 0 -1 -1 0 1 1 -1]
 [-1 1 1 -1 1 1 -2 -1 0 0 1 0 0 0 1 -1 0 0 -1 0 1 0 -1 -1]
 [0 0 0 0 0 1 0 0 0 0 0 0 0 0 0 0 0 0 0 0 0 0 0 0]
 [0 0 1 0 1 1 -1 -1 0 0 1 0 0 0 0 -1 0 0 0 1 0 0 -1 -2]
 [0 0 -1 0 0 -1 1 0 0 0 0 -1 0 1 -1 1 0 0 0 0 0 0 0 0]]

basis_hnf =
[[1 0 0 0 0 0 1 -5 2 -1 2 0 1 3 -2 -1 -2 -1 1 5 -1 -1 -4 -5]
 [0 1 0 0 0 0 0 -2 1 -1 1 1 0 1 0 -1 -1 0 1 2 0 -1 -2 -1]
 [0 0 1 0 0 0 1 -2 1 -1 2 0 0 2 -1 -1 -1 0 1 3 0 0 -2 -3]
 [0 0 0 1 0 0 0 3 -1 0 -1 1 -1 -2 1 0 1 1 1 -2 0 0 2 3]
 [0 0 0 0 1 0 0 -1 0 0 1 -1 0 1 -1 0 0 0 0 1 0 0 -1 -2]
 [0 0 0 0 0 1 0 0 0 0 0 0 0 0 0 0 0 0 0 0 0 0 0 0]
 [0 0 0 0 0 0 2 -2 1 -1 2 -1 0 3 -2 0 -1 0 1 3 0 0 -2 -3]]
