rootmask = 2048
rows = 0,2
h = -2
u = 61047
v = 54751
raw_det = 948
raw_index = 1
determinant = 948
root_reps_orthogonal = 1
norm4_reps_orthogonal = 1311

gram =
[[12 3 -1 4 -3 1 -2]
 [3 10 2 0 -1 3 -1]
 [-1 2 4 1 -1 1 0]
 [4 0 1 4 -1 1 0]
 [-3 -1 -1 -1 2 0 1]
 [1 3 1 1 0 2 0]
 [-2 -1 0 0 1 0 4]]

basis_coords =
[[0 1 0 -1 1 -1 0 -3 0 -1 1 1 0 0 0 -2 -1 1 0 2 -1 -1 -3 -1]
 [1 -1 1 -1 1 1 -3 -1 1 1 1 0 1 -1 0 -2 0 -1 -1 1 1 1 -2 -3]
 [0 0 1 0 0 0 -1 0 0 0 0 0 0 0 0 1 0 -1 0 0 0 0 1 -1]
 [-1 0 1 -1 0 0 0 -1 -1 0 0 0 0 1 0 0 0 0 -1 0 0 0 0 -1]
 [0 0 0 0 0 1 0 0 0 0 0 0 0 0 0 0 0 0 0 0 0 0 0 0]
 [0 0 1 0 1 1 -1 -1 0 0 1 0 0 0 0 -1 0 0 0 1 0 0 -1 -2]
 [0 0 -1 0 0 -1 1 0 0 0 0 -1 0 1 -1 1 0 0 0 0 0 0 0 0]]

basis_hnf =
[[1 0 0 1 0 0 -1 1 1 0 0 0 0 -1 0 1 0 -1 1 0 0 0 1 0]
 [0 1 0 2 0 0 1 1 0 -1 0 0 -1 0 0 2 0 0 2 0 -1 -1 2 1]
 [0 0 1 0 0 0 -1 0 0 0 0 0 0 0 0 1 0 -1 0 0 0 0 1 -1]
 [0 0 0 3 0 0 1 3 0 0 0 0 -1 -1 1 0 1 1 2 -1 0 0 2 2]
 [0 0 0 0 1 0 0 -1 0 0 1 0 0 0 0 -2 0 1 0 1 0 0 -2 -1]
 [0 0 0 0 0 1 0 0 0 0 0 0 0 0 0 0 0 0 0 0 0 0 0 0]
 [0 0 0 0 0 0 0 0 0 0 0 1 0 -1 1 -2 0 1 0 0 0 0 -1 1]]
