rootmask = 8388608
rows = 0,1
h = 0
u = 23568
v = 81926
raw_det = 948
raw_index = 1
determinant = 948
root_reps_orthogonal = 1
norm4_reps_orthogonal = 1311

gram =
[[20 11 3 4 -5 3 -3]
 [11 14 3 4 -2 4 -2]
 [3 3 4 0 -1 1 0]
 [4 4 0 4 -1 1 -1]
 [-5 -2 -1 -1 2 0 1]
 [3 4 1 1 0 2 0]
 [-3 -2 0 -1 1 0 4]]

basis_coords =
[[-1 -1 3 -1 0 -1 -2 -1 0 0 1 1 1 0 1 -2 0 0 0 2 0 0 -1 -3]
 [1 0 1 0 2 1 -3 -2 1 1 1 0 0 -1 0 -2 0 -1 0 2 0 0 -2 -4]
 [0 -1 0 0 1 0 0 1 -1 1 0 -2 0 0 -1 1 1 0 -1 -1 0 1 1 -1]
 [0 1 1 0 1 1 -1 -1 0 0 1 0 -1 0 1 -1 0 0 0 1 0 0 -1 -1]
 [0 0 0 0 0 1 0 0 0 0 0 0 0 0 0 0 0 0 0 0 0 0 0 0]
 [0 0 1 0 1 1 -1 -1 0 0 1 0 0 0 0 -1 0 0 0 1 0 0 -1 -2]
 [0 0 -1 0 0 -1 1 0 0 0 0 -1 0 1 -1 1 0 0 0 0 0 0 0 0]]

basis_hnf =
[[1 0 0 0 0 0 -2 0 1 1 -1 1 0 -2 1 -1 0 -1 0 0 0 0 0 0]
 [0 1 0 0 0 0 0 0 0 0 0 0 -1 0 1 0 0 0 0 0 0 0 0 1]
 [0 0 1 0 0 0 -1 0 0 0 0 1 0 -1 1 -1 0 0 0 0 0 0 0 0]
 [0 0 0 1 0 0 1 1 -1 -1 0 1 0 -1 0 0 0 1 0 -2 0 0 1 2]
 [0 0 0 0 1 0 0 1 -1 1 0 -2 -1 0 0 1 1 0 -1 -1 0 1 1 0]
 [0 0 0 0 0 1 0 0 0 0 0 0 0 0 0 0 0 0 0 0 0 0 0 0]
 [0 0 0 0 0 0 0 2 -1 1 -1 -1 -1 -1 1 1 1 0 -1 -2 0 1 2 2]]
