rootmask = 64
rows = 0,6
h = 1
u = 15463
v = 20285
raw_det = 948
raw_index = 1
determinant = 948
root_reps_orthogonal = 1
norm4_reps_orthogonal = 1311

gram =
[[20 7 -3 2 -3 1 -1]
 [7 10 -1 0 0 3 -3]
 [-3 -1 4 1 -1 1 -1]
 [2 0 1 4 -1 1 -1]
 [-3 0 -1 -1 2 0 1]
 [1 3 1 1 0 2 -1]
 [-1 -3 -1 -1 1 -1 4]]

basis_coords =
[[-1 0 3 -2 -3 -2 -2 -1 1 -1 0 4 1 1 2 -2 -1 -1 1 2 1 -1 -1 -1]
 [1 -1 3 0 0 1 -2 -1 1 -1 1 3 0 0 1 -3 -1 -1 2 2 1 0 -2 -3]
 [0 -1 0 0 1 0 0 1 -1 1 0 -2 0 0 -1 1 1 0 -1 -1 0 1 1 -1]
 [-1 0 1 -1 0 0 0 -1 -1 0 0 0 0 1 0 0 0 0 -1 0 0 0 0 -1]
 [0 0 0 0 0 1 0 0 0 0 0 0 0 0 0 0 0 0 0 0 0 0 0 0]
 [0 0 1 0 1 1 -1 -1 0 0 1 0 0 0 0 -1 0 0 0 1 0 0 -1 -2]
 [0 1 -1 0 0 0 1 0 0 0 0 -1 0 0 0 1 0 0 0 0 -1 0 0 1]]

basis_hnf =
[[1 0 0 0 0 0 1 1 0 0 0 -1 0 0 0 1 0 -1 1 0 -1 1 0 0]
 [0 1 0 0 1 0 0 -1 0 0 1 -1 0 0 0 0 0 0 0 1 -1 0 -1 -1]
 [0 0 1 0 1 0 1 -2 -1 -1 0 1 -1 1 0 -1 -1 0 0 0 0 0 -1 -1]
 [0 0 0 1 1 0 0 -2 0 -1 0 2 -1 0 0 -2 -1 1 0 0 1 -1 -1 0]
 [0 0 0 0 2 0 0 0 -1 1 1 -3 0 0 -1 1 1 0 -1 0 -1 1 0 -2]
 [0 0 0 0 0 1 0 0 0 0 0 0 0 0 0 0 0 0 0 0 0 0 0 0]
 [0 0 0 0 0 0 2 -1 -1 -1 -1 1 -1 1 0 0 -1 0 0 -1 0 0 0 1]]
