9 113 1 92 53 17 59 9 32 42
13 126 31 130 108 3 3 127 27 63 24 26 14 113
17
5 65 2 46 90 94
1 1
9 118 23 18 69 44 36 98 16 108
5 129 110 69 99 1
9 18 94 61 72 44 61 21 14 129
5 58 116 33 106 1
7 113 120 36 69 54 101 30
3 35 128 1
7 75 100 80 75 83 3 8
3 41 66 1
7 13 48 112 123 76 45 60
3 81 18 1
5 76 41 15 128 71
1 1
7 17 113 91 18 70 94 106
3 81 18 1
7 91 68 88 38 79 34 43
3 49 117 1
7 118 48 89 50 124 53 124
3 109 82 1
7 37 41 43 43 101 15 71
3 13 107 1
7 110 87 104 61 57 124 58
3 9 125 1
5 120 71 130 45 56
1 1
5 25 119 19 130 115
1 1
7 80 70 89 74 37 35 47
3 61 47 1
7 84 79 16 5 63 80 104
3 53 122 1
5 50 14 56 103 18
1 1
