1 0 1
-2.4361880244253284 1 -2.4852073060794457
0.094057314111641241 0.24808928769492197 0.084365777070447748
0.073209702921468764 0.11637372383175927 -0.10745244039098362
0.097626417950223934 0.26260890720631935 0.084753517962997349
0.097626417950223865 0.26260890720631952 0.084753517962997474
0.09762641795022399 0.26260890720631946 0.084753517962997529
0.097626417950224004 0.26260890720631974 0.084753517962997599
-0.71175352586130525 0.068963438144097111 -0.71513406405952695
0.094057314111641255 0.24808928769492197 0.084365777070447748
0.073209702921468806 0.11637372383175931 -0.10745244039098362
0.097626417950223962 0.26260890720631935 0.084753517962997363
0.097626417950223879 0.26260890720631952 0.084753517962997446
0.097626417950224004 0.26260890720631946 0.084753517962997516
0.097626417950224018 0.26260890720631974 0.084753517962997571
0.094057314111641213 0.24808928769492192 0.084365777070447748
0.07320970292146875 0.11637372383175927 -0.10745244039098362
0.09762641795022392 0.2626089072063193 0.084753517962997349
0.097626417950223851 0.26260890720631958 0.084753517962997488
0.097626417950223976 0.26260890720631941 0.084753517962997516
0.09762641795022399 0.26260890720631974 0.084753517962997599
0.10602589167590847 0.12997273695729519 -0.10711058304671528
-0.094057314111642323 -0.24808928769492528 -0.084365777070449788
-0.094057314111641546 -0.24808928769492117 -0.084365777070447373
-0.094057314111640727 -0.24808928769492319 -0.084365777070449122
-0.094057314111634677 -0.24808928769491381 -0.084365777070446263
-0.073209702921469125 -0.11637372383175984 0.10745244039098334
-0.073209702921468861 -0.11637372383175926 0.10745244039098359
-0.073209702921468819 -0.11637372383175945 0.10745244039098346
-0.073209702921468264 -0.11637372383175894 0.10745244039098363
-0.15729015984482583 -0.17233802242393415 -0.075161595959395519
-0.065972480606213024 -0.21275290238146444 -0.24747928189981641
-0.015335041192143056 0.0079161619778109569 -0.058603008071140335
-0.0092633162074645652 0.06644116711789104 0.066260052907853861
0.050148712276238953 0.28768206974291127 0.16779590211473075
0.16823968337902442 0.22531776484377128 -0.038754849400250271
