rootmask = 576460752303423488
rows = 0,1
h = 2
u = 54
v = 61
raw_det = 3792
raw_index = 2
determinant = 948
root_reps_orthogonal = 1
norm4_reps_orthogonal = 1311

gram =
[[50 -3 1 1 -1 -2 -5]
 [-3 16 -4 -8 -3 4 2]
 [1 -4 2 0 0 -2 0]
 [1 -8 0 10 3 2 -5]
 [-1 -3 0 3 2 0 -1]
 [-2 4 -2 2 0 6 -3]
 [-5 2 0 -5 -1 -3 6]]

basis_coords =
[[2 11 1 -3 1 -6 -5 2 -9 1 -8 7 1 0 -3 -2 -1 1 -4 -5 -6 -4 5 -1]
 [0 -4 0 2 -1 0 -1 0 8 0 6 -5 0 1 4 0 0 0 -2 2 2 2 -2 -3]
 [0 0 0 0 0 -1 0 0 0 0 0 0 0 0 0 0 0 0 0 0 0 0 0 0]
 [0 4 0 -2 1 1 0 0 -7 0 -5 5 0 -1 -3 0 0 0 1 -2 -2 -2 1 3]
 [0 2 0 -1 0 1 1 0 -4 0 -3 2 0 0 -2 0 0 0 1 -1 -1 -1 1 2]
 [0 1 0 0 0 0 1 0 0 0 1 -1 1 1 -1 1 2 0 -1 -1 -1 -1 -1 0]
 [0 -2 0 1 0 1 1 0 2 0 1 -2 0 0 0 0 0 0 1 1 1 1 0 -1]]

basis_hnf =
[[2 0 1 0 0 0 0 2 -9 1 -16 5 -4 -4 -4 -7 -11 1 10 3 2 4 0 13]
 [0 1 0 0 0 0 0 0 1 0 2 -1 1 1 0 1 2 0 -2 -1 -1 -1 0 -2]
 [0 0 0 1 0 0 0 0 5 0 6 -4 2 2 1 2 4 0 -4 -1 -1 -1 0 -6]
 [0 0 0 0 1 0 0 0 -1 0 -1 1 0 -1 -1 0 0 0 1 0 0 0 0 0]
 [0 0 0 0 0 1 0 0 0 0 0 0 0 0 0 0 0 0 0 0 0 0 0 0]
 [0 0 0 0 0 0 1 0 -1 0 -1 0 0 0 -1 0 0 0 1 0 0 0 0 1]
 [0 0 0 0 0 0 0 0 0 0 0 0 0 0 0 0 0 0 0 0 0 0 1 -1]]
