rootmask = 144115188075855872
rows = 0,1
h = 2
u = 54
v = 61
raw_det = 3792
raw_index = 2
determinant = 948
root_reps_orthogonal = 1
norm4_reps_orthogonal = 1311

gram =
[[62 -12 1 10 5 -2 -8]
 [-12 16 -4 -8 -3 4 2]
 [1 -4 2 0 0 -2 0]
 [10 -8 0 10 3 2 -5]
 [5 -3 0 3 2 0 -1]
 [-2 4 -2 2 0 6 -3]
 [-8 2 0 -5 -1 -3 6]]

basis_coords =
[[3 16 1 -6 1 -3 -2 2 -21 1 -17 13 1 0 -9 -2 -1 1 -1 -8 -9 -7 8 5]
 [0 -4 0 2 -1 0 -1 0 8 0 6 -5 0 1 4 0 0 0 -2 2 2 2 -2 -3]
 [0 0 0 0 0 -1 0 0 0 0 0 0 0 0 0 0 0 0 0 0 0 0 0 0]
 [0 4 0 -2 1 1 0 0 -7 0 -5 5 0 -1 -3 0 0 0 1 -2 -2 -2 1 3]
 [0 2 0 -1 0 1 1 0 -4 0 -3 2 0 0 -2 0 0 0 1 -1 -1 -1 1 2]
 [0 1 0 0 0 0 1 0 0 0 1 -1 1 1 -1 1 2 0 -1 -1 -1 -1 -1 0]
 [0 -2 0 1 0 1 1 0 2 0 1 -2 0 0 0 0 0 0 1 1 1 1 0 -1]]

basis_hnf =
[[3 0 1 0 0 0 0 2 -8 1 -14 4 -3 -3 -4 -6 -9 1 8 2 1 3 0 11]
 [0 1 0 0 0 0 0 0 1 0 2 -1 1 1 0 1 2 0 -2 -1 -1 -1 0 -2]
 [0 0 0 1 0 0 0 0 5 0 6 -4 2 2 1 2 4 0 -4 -1 -1 -1 0 -6]
 [0 0 0 0 1 0 0 0 -1 0 -1 1 0 -1 -1 0 0 0 1 0 0 0 0 0]
 [0 0 0 0 0 1 0 0 0 0 0 0 0 0 0 0 0 0 0 0 0 0 0 0]
 [0 0 0 0 0 0 1 0 -1 0 -1 0 0 0 -1 0 0 0 1 0 0 0 0 1]
 [0 0 0 0 0 0 0 0 0 0 0 0 0 0 0 0 0 0 0 0 0 0 1 -1]]
