# source = elkies-k3/data/fibrations/golay720-corridor/q4-o0253-r6-n32-d12-6c802013b4e9.txt
# q = 4
# factor_order = (2, 2)
# orbit_index = 456
# witness = (2, 3, 2, 0, 0, -2, -1, 1, 1, 0, 0, -1, 0, 1, 0, 0, -1)
# root_data = (5, 30, 6)
# ADE = A5
# MW_rank = 12
2 -1 0 0 0 -1 1 -3 3 1 6 9 3 9 -3 3 -2
-1 2 0 -1 0 1 -1 2 -3 -1 -4 -7 -2 -7 2 -2 1
0 0 2 0 -1 -1 1 1 0 -2 -3 -2 0 -2 1 -1 -2
0 -1 0 2 -1 -1 2 -2 5 3 7 11 2 9 -1 4 -3
0 0 -1 -1 2 1 -2 2 -5 -2 -6 -10 -2 -8 0 -4 4
-1 1 -1 -1 1 4 -3 3 -5 0 -5 -10 -3 -9 2 -2 4
1 -1 1 2 -2 -3 6 -3 9 4 10 17 4 16 -3 6 -7
-3 2 1 -2 2 3 -3 12 -14 -7 -23 -35 -9 -30 5 -12 7
3 -3 0 5 -5 -5 9 -14 26 13 35 55 12 48 -7 21 -14
1 -1 -2 3 -2 0 4 -7 13 12 23 30 5 27 -4 13 -6
6 -4 -3 7 -6 -5 10 -23 35 23 66 91 19 80 -14 35 -20
9 -7 -2 11 -10 -10 17 -35 55 30 91 136 31 117 -20 50 -32
3 -2 0 2 -2 -3 4 -9 12 5 19 31 10 27 -5 10 -8
9 -7 -2 9 -8 -9 16 -30 48 27 80 117 27 106 -20 43 -27
-3 2 1 -1 0 2 -3 5 -7 -4 -14 -20 -5 -20 8 -7 3
3 -2 -1 4 -4 -2 6 -12 21 13 35 50 10 43 -7 22 -12
-2 1 -2 -3 4 4 -7 7 -14 -6 -20 -32 -8 -27 3 -12 14
