# source = elkies-k3/data/fibrations/golay720-corridor/q6-o106836-r3-n8-d6-f3fab023d7ab.txt
# q = 4
# factor_order = (2, 2)
# orbit_index = 16388
# witness = (10, -10, -11, -2, -1, -2, 2, -1, -1, 1, -1, 1, -1, -1, 1, 1, 0)
# root_data = (2, 4, 4)
# ADE = A1+A1
# MW_rank = 15
2 0 -1 7 1 -2 -3 -6 9 -9 15 -17 -11 -17 -9 -16 -5
0 2 1 -17 4 5 8 19 -31 25 -43 51 35 47 25 53 18
-1 1 4 -13 0 2 7 11 -19 18 -29 35 23 32 16 33 10
7 -17 -13 172 -29 -48 -78 -183 295 -245 419 -494 -335 -460 -245 -505 -171
1 4 0 -29 12 9 15 36 -59 44 -78 92 64 84 45 100 34
-2 5 2 -48 9 18 23 53 -87 72 -123 145 100 134 71 149 51
-3 8 7 -78 15 23 40 83 -137 114 -195 229 156 212 112 235 78
-6 19 11 -183 36 53 83 202 -323 263 -454 535 365 498 266 553 187
9 -31 -19 295 -59 -87 -137 -323 524 -428 735 -867 -592 -805 -428 -894 -302
-9 25 18 -245 44 72 114 263 -428 356 -605 715 488 665 352 733 248
15 -43 -29 419 -78 -123 -195 -454 735 -605 1040 -1225 -834 -1138 -606 -1259 -424
-17 51 35 -494 92 145 229 535 -867 715 -1225 1448 987 1344 714 1487 502
-11 35 23 -335 64 100 156 365 -592 488 -834 987 676 916 486 1016 343
-17 47 32 -460 84 134 212 498 -805 665 -1138 1344 916 1252 665 1381 466
-9 25 16 -245 45 71 112 266 -428 352 -606 714 486 665 356 735 248
-16 53 33 -505 100 149 235 553 -894 733 -1259 1487 1016 1381 735 1536 518
-5 18 10 -171 34 51 78 187 -302 248 -424 502 343 466 248 518 178
