# source = elkies-k3/data/fibrations/golay720-corridor/q6-o0514-r8-n58-d16-fb2df058ea36.txt
# q = 4
# factor_order = (2, 2)
# orbit_index = 116
# witness = (0, 2, 1, 2, 0, 0, -1, 1, -1, -1, -1, -1, 0, -1, 0, -1, -1)
# root_data = (7, 44, 14)
# ADE = A1+A6
# MW_rank = 10
2 0 0 0 0 0 0 1 -1 1 1 0 1 -1 2 4 1
0 2 -1 0 0 0 0 -1 1 0 -2 0 -1 0 -1 -2 0
0 -1 2 -1 0 0 0 0 0 0 1 0 1 1 0 1 2
0 0 -1 2 -1 0 0 0 -1 -1 0 0 -2 -2 0 -1 -4
0 0 0 -1 2 -1 0 1 0 1 1 1 1 2 1 0 1
0 0 0 0 -1 2 -1 -1 0 0 -1 -1 0 -1 -1 0 0
0 0 0 0 0 -1 2 1 0 -1 1 1 2 1 2 1 4
1 -1 0 0 1 -1 1 4 -2 0 3 2 2 1 4 4 2
-1 1 0 -1 0 0 0 -2 4 1 -3 0 0 0 -2 -2 1
1 0 0 -1 1 0 -1 0 1 4 0 0 0 0 0 2 -1
1 -2 1 0 1 -1 1 3 -3 0 6 2 2 1 4 4 2
0 0 0 0 1 -1 1 2 0 0 2 4 1 1 3 1 2
1 -1 1 -2 1 0 2 2 0 0 2 1 8 3 4 5 11
-1 0 1 -2 2 -1 1 1 0 0 1 1 3 6 1 -1 6
2 -1 0 0 1 -1 2 4 -2 0 4 3 4 1 8 6 6
4 -2 1 -1 0 0 1 4 -2 2 4 1 5 -1 6 14 7
1 0 2 -4 1 0 4 2 1 -1 2 2 11 6 6 7 22
