# source = elkies-k3/data/fibrations/golay720-corridor/q4-o0001-r11-n70-d64-7cb0a83b3089.txt
# q = 4
# factor_order = (2, 2)
# orbit_index = 1
# witness = (1, 1, 1, 1, 1, 2, 1, 1, 2, 3, 2, -1, 0, 0, 0, 0, 0)
# root_data = (9, 90, 10)
# ADE = A9
# MW_rank = 8
2 -1 0 0 0 0 0 0 0 0 0 0 0 0 0 0 0
-1 2 0 0 0 0 0 0 -1 -1 -1 -1 0 -1 -1 0 0
0 0 2 -1 -1 0 0 0 0 2 2 1 2 -1 -1 -1 0
0 0 -1 2 0 0 -1 0 0 -1 -1 -1 -1 0 0 0 0
0 0 -1 0 2 -1 0 0 0 -2 -1 0 -2 1 1 0 0
0 0 0 0 -1 2 0 0 0 0 -2 -1 0 0 0 1 0
0 0 0 -1 0 0 2 -1 0 1 1 1 1 0 0 0 0
0 0 0 0 0 0 -1 2 -1 -1 1 0 -1 1 1 0 0
0 -1 0 0 0 0 0 -1 2 1 -1 0 0 0 0 0 0
0 -1 2 -1 -2 0 1 -1 1 6 4 2 4 -1 -1 -1 0
0 -1 2 -1 -1 -2 1 1 -1 4 10 4 3 0 0 -3 0
0 -1 1 -1 0 -1 1 0 0 2 4 4 2 1 1 -1 0
0 0 2 -1 -2 0 1 -1 0 4 3 2 6 -2 -2 0 0
0 -1 -1 0 1 0 0 1 0 -1 0 1 -2 4 2 1 0
0 -1 -1 0 1 0 0 1 0 -1 0 1 -2 2 4 1 0
0 0 -1 0 0 1 0 0 0 -1 -3 -1 0 1 1 4 0
0 0 0 0 0 0 0 0 0 0 0 0 0 0 0 0 4
