# source = elkies-k3/data/fibrations/golay720-corridor/q4-o16388-r2-n4-d4-daffa1cdbc0e.txt
# q = 4
# factor_order = (2, 2)
# orbit_index = 20167
# witness = (6, -16, -3, -1, -2, -1, 1, 0, -1, -1, 1, 1, 0, 0, -1, 1, -1)
# root_data = (1, 2, 2)
# ADE = A1
# MW_rank = 16
2 -3 3 -1 -1 -7 -7 25 -9 1 15 -5 -29 13 -15 -29 -73
-3 8 -3 3 1 11 12 -39 15 -2 -24 7 42 -19 24 45 109
3 -3 8 -1 -3 -9 -11 37 -13 0 22 -7 -45 21 -21 -42 -111
-1 3 -1 4 -1 5 4 -14 4 0 -7 1 13 -5 7 14 35
-1 1 -3 -1 4 3 3 -11 6 -1 -8 2 15 -7 8 14 38
-7 11 -9 5 3 28 23 -87 31 -5 -53 16 100 -44 53 102 255
-7 12 -11 4 3 23 28 -88 32 -3 -53 18 101 -47 52 102 255
25 -39 37 -14 -11 -87 -88 316 -112 11 188 -63 -363 162 -188 -362 -912
-9 15 -13 4 6 31 32 -112 44 -6 -69 23 130 -59 68 131 329
1 -2 0 0 -1 -5 -3 11 -6 4 8 -3 -13 6 -8 -15 -36
15 -24 22 -7 -8 -53 -53 188 -69 8 116 -38 -218 98 -114 -218 -548
-5 7 -7 1 2 16 18 -63 23 -3 -38 16 74 -33 37 72 182
-29 42 -45 13 15 100 101 -363 130 -13 -218 74 424 -189 217 419 1060
13 -19 21 -5 -7 -44 -47 162 -59 6 98 -33 -189 88 -97 -189 -476
-15 24 -21 7 8 53 52 -188 68 -8 -114 37 217 -97 116 219 548
-29 45 -42 14 14 102 102 -362 131 -15 -218 72 419 -189 219 424 1059
-73 109 -111 35 38 255 255 -912 329 -36 -548 182 1060 -476 548 1059 2668
