# source = elkies-k3/data/fibrations/golay_det720_g720_s0128_root_adapted_gram.txt
# q = 4
# factor_order = (2, 2)
# orbit_index = 1
# witness = (1, 1, 1, 1, 1, 1, 1, 2, 0, 1, 0, 1, 2, 1, 2, -1, 0)
# root_data = (13, 54, 486)
# ADE = A2+A2+A2+A2+A5
# MW_rank = 4
2 0 0 0 0 0 0 -1 0 0 0 0 0 0 -1 1 0
0 2 0 0 0 -1 0 0 0 0 0 0 0 0 0 1 0
0 0 2 0 0 0 -1 0 0 0 0 0 0 1 -1 0 0
0 0 0 2 -1 0 0 0 0 0 0 0 0 -1 1 0 0
0 0 0 -1 2 0 0 0 0 0 0 0 0 1 -1 0 0
0 -1 0 0 0 2 0 0 0 0 0 0 0 1 0 -1 0
0 0 -1 0 0 0 2 0 0 0 0 0 0 -1 1 0 0
-1 0 0 0 0 0 0 2 0 0 0 0 0 0 1 -1 0
0 0 0 0 0 0 0 0 2 -1 -1 0 0 1 0 -1 0
0 0 0 0 0 0 0 0 -1 2 0 0 -1 0 -1 1 0
0 0 0 0 0 0 0 0 -1 0 2 -1 0 -1 0 1 0
0 0 0 0 0 0 0 0 0 0 -1 2 0 1 0 0 0
0 0 0 0 0 0 0 0 0 -1 0 0 2 0 0 0 0
0 0 1 -1 1 1 -1 0 1 0 -1 1 0 4 -2 0 0
-1 0 -1 1 -1 0 1 1 0 -1 0 0 0 -2 4 -2 0
1 1 0 0 0 -1 0 -1 -1 1 1 0 0 0 -2 4 0
0 0 0 0 0 0 0 0 0 0 0 0 0 0 0 0 4
