# source = elkies-k3/data/fibrations/golay720-corridor/q4-o0001-r9-n90-d10-86740a8863ff.txt
# q = 6
# factor_order = (3, 2)
# orbit_index = 514
# witness = (1, 2, 3, 4, 2, 1, 4, 4, 3, 0, 0, 0, 0, 0, 0, 0, -1)
# root_data = (8, 58, 16)
# ADE = A1+A7
# MW_rank = 9
2 0 0 0 0 0 0 0 1 1 -1 0 -2 -1 -1 -1 0
0 2 0 -1 0 0 0 0 1 -1 -1 2 -2 1 1 0 0
0 0 2 -1 -1 0 0 0 1 -1 1 0 0 0 1 -1 0
0 -1 -1 2 0 0 0 0 -1 1 0 0 -1 0 -1 1 0
0 0 -1 0 2 -1 0 0 0 -1 -1 0 1 0 -2 0 1
0 0 0 0 -1 2 -1 0 -1 1 1 0 1 0 2 -1 0
0 0 0 0 0 -1 2 -1 1 1 -1 -1 1 -1 -1 -1 -1
0 0 0 0 0 0 -1 2 -1 0 0 0 -1 1 0 2 0
1 1 1 -1 0 -1 1 -1 4 -1 -1 1 -2 -1 0 -2 0
1 -1 -1 1 -1 1 1 0 -1 6 -1 -3 1 -2 0 -1 -2
-1 -1 1 0 -1 1 -1 0 -1 -1 4 -1 1 0 2 0 0
0 2 0 0 0 0 -1 0 1 -3 -1 6 -5 2 1 1 1
-2 -2 0 -1 1 1 1 -1 -2 1 1 -5 14 -2 0 -4 1
-1 1 0 0 0 0 -1 1 -1 -2 0 2 -2 4 1 2 0
-1 1 1 -1 -2 2 -1 0 0 0 2 1 0 1 6 0 0
-1 0 -1 1 0 -1 -1 2 -2 -1 0 1 -4 2 0 8 -1
0 0 0 0 1 0 -1 0 0 -2 0 1 1 0 0 -1 4
