10 6 -9 -10 -11 -4 -1 9 -4 1 16 -9 11 12 -5 -11 -8
6 26 -6 -4 -9 1 14 17 -13 12 15 -14 23 38 -19 -38 -18
-9 -6 12 12 13 4 1 -10 5 1 -18 11 -12 -12 6 14 11
-10 -4 12 18 16 6 3 -9 3 4 -20 14 -9 -8 8 13 12
-11 -9 13 16 18 5 1 -12 5 1 -21 16 -13 -15 10 18 14
-4 1 4 6 5 4 3 -2 0 2 -7 3 -1 1 0 0 2
-1 14 1 3 1 3 12 6 -9 9 2 -4 11 20 -10 -23 -8
9 17 -10 -9 -12 -2 6 16 -8 5 19 -13 19 27 -13 -25 -15
-4 -13 5 3 5 0 -9 -8 12 -8 -10 8 -15 -21 10 27 11
1 12 1 4 1 2 9 5 -8 10 2 -2 10 18 -7 -18 -5
16 15 -18 -20 -21 -7 2 19 -10 2 32 -19 23 27 -14 -29 -20
-9 -14 11 14 16 3 -4 -13 8 -2 -19 18 -16 -22 14 27 17
11 23 -12 -9 -13 -1 11 19 -15 10 23 -16 28 38 -17 -39 -20
12 38 -12 -8 -15 1 20 27 -21 18 27 -22 38 60 -28 -59 -28
-5 -19 6 8 10 0 -10 -13 10 -7 -14 14 -17 -28 18 32 16
-11 -38 14 13 18 0 -23 -25 27 -18 -29 27 -39 -59 32 72 33
-8 -18 11 12 14 2 -8 -15 11 -5 -20 17 -20 -28 16 33 20
