2 1 1 -2 0 0 2 1 1 0 2 0 0 1 -1 1 1
1 8 2 -7 -6 1 3 6 5 -6 1 -8 -3 4 -10 3 3
1 2 8 -8 0 1 4 4 7 -5 -1 -9 -6 0 -12 1 -2
-2 -7 -8 16 6 -3 -7 -9 -12 13 -1 16 9 -2 20 -5 -3
0 -6 0 6 8 -2 0 -5 -5 8 1 10 3 -3 9 -3 -4
0 1 1 -3 -2 4 1 2 4 -5 -2 -5 -1 1 -5 2 3
2 3 4 -7 0 1 10 2 3 -2 4 0 -4 -2 -5 3 3
1 6 4 -9 -5 2 2 8 8 -9 0 -12 -4 4 -14 3 1
1 5 7 -12 -5 4 3 8 12 -12 -2 -16 -7 3 -18 4 2
0 -6 -5 13 8 -5 -2 -9 -12 16 3 19 7 -3 19 -5 -4
2 1 -1 -1 1 -2 4 0 -2 3 6 6 1 0 3 1 1
0 -8 -9 16 10 -5 0 -12 -16 19 6 28 10 -5 27 -4 -1
0 -3 -6 9 3 -1 -4 -4 -7 7 1 10 8 1 12 -2 0
1 4 0 -2 -3 1 -2 4 3 -3 0 -5 1 6 -5 1 1
-1 -10 -12 20 9 -5 -5 -14 -18 19 3 27 12 -5 32 -5 -1
1 3 1 -5 -3 2 3 3 4 -5 1 -4 -2 1 -5 4 4
1 3 -2 -3 -4 3 3 1 2 -4 1 -1 0 1 -1 4 8
