80 19 -7 6 -5 -22 21 28 31 22 68 86 35 90 72 28 25
19 10 -7 0 -4 -7 0 12 6 6 21 17 10 25 10 9 7
-7 -7 12 4 7 2 8 -11 -2 1 -14 1 -6 -11 7 -10 -7
6 0 4 4 3 -2 6 -1 2 4 2 12 2 7 12 -2 -1
-5 -4 7 3 6 1 5 -6 -2 1 -8 2 -3 -6 4 -7 -5
-22 -7 2 -2 1 10 -5 -9 -7 -8 -21 -25 -9 -26 -20 -6 -4
21 0 8 6 5 -5 16 0 9 8 11 32 7 21 32 0 3
28 12 -11 -1 -6 -9 0 18 10 6 31 24 15 35 15 15 11
31 6 -2 2 -2 -7 9 10 14 7 25 33 13 34 29 12 11
22 6 1 4 1 -8 8 6 7 10 18 28 9 26 23 4 4
68 21 -14 2 -8 -21 11 31 25 18 66 69 32 80 52 28 23
86 17 1 12 2 -25 32 24 33 28 69 106 36 97 91 22 22
35 10 -6 2 -3 -9 7 15 13 9 32 36 18 41 28 14 12
90 25 -11 7 -6 -26 21 35 34 26 80 97 41 106 78 32 28
72 10 7 12 4 -20 32 15 29 23 52 91 28 78 84 15 16
28 9 -10 -2 -7 -6 0 15 12 4 28 22 14 32 15 18 14
25 7 -7 -1 -5 -4 3 11 11 4 23 22 12 28 16 14 14
