30 39 -3 -14 -36 -4 -25 10 7 6 -12 -47 -13 46 -8 -8 11
39 54 -4 -18 -49 -6 -34 14 10 6 -19 -65 -19 62 -11 -11 13
-3 -4 2 2 5 0 3 -2 -1 1 0 5 1 -5 0 0 -1
-14 -18 2 8 18 2 12 -5 -4 -1 5 23 7 -21 3 3 -5
-36 -49 5 18 48 5 32 -13 -10 -3 17 62 19 -56 9 9 -12
-4 -6 0 2 5 4 4 -2 0 -2 0 6 3 -6 2 4 -1
-25 -34 3 12 32 4 24 -8 -5 -6 11 42 12 -40 8 9 -11
10 14 -2 -5 -13 -2 -8 6 4 -2 -4 -17 -5 16 -1 -2 1
7 10 -1 -4 -10 0 -5 4 6 -6 -7 -15 -6 11 1 2 -2
6 6 1 -1 -3 -2 -6 -2 -6 18 6 0 3 9 -7 -9 12
-12 -19 0 5 17 0 11 -4 -7 6 18 29 11 -20 3 0 1
-47 -65 5 23 62 6 42 -17 -15 0 29 86 27 -74 12 11 -13
-13 -19 1 7 19 3 12 -5 -6 3 11 27 12 -20 3 3 -1
46 62 -5 -21 -56 -6 -40 16 11 9 -20 -74 -20 74 -13 -13 17
-8 -11 0 3 9 2 8 -1 1 -7 3 12 3 -13 6 6 -6
-8 -11 0 3 9 4 9 -2 2 -9 0 11 3 -13 6 10 -7
11 13 -1 -5 -12 -1 -11 1 -2 12 1 -13 -1 17 -6 -7 12
