1 0 1
-1.8773295883593772 1 -1.9239524439057387
-0.064532519724890575 0.36896873981513734 -0.082339601392132061
0.19684348178218794 -0.020844316229100001 0.01587260749374704
-0.015575280099139764 0.085645304988227658 0.0036014889642857007
-0.067303030766642319 0.37103511748972978 -0.08454131293683817
-0.051716753405468593 0.36550656584987051 -0.068764842776755028
-0.0769041472005937 0.37428663668359902 -0.094345652974373542
-0.65394999980158464 0.13714720795768637 -0.66034412641730733
-0.064552807786169467 0.36908250228801709 -0.082365003997526887
0.19684341405461334 -0.02084393640336317 0.015872521757721286
-0.015575635775673169 0.08564580437600848 0.0036013910425022515
-0.067098714344927743 0.36989369199978228 -0.084283723474310734
-0.053260984797525758 0.37519346937275788 -0.070760715032210028
-0.07540680976253604 0.36646010145051627 -0.092483415331272745
-0.06452059034160347 0.36890184752241573 -0.082324664632421621
0.19684352164076091 -0.020844539643955547 0.015872657951254379
-0.015575070900297692 0.085645011276910876 0.0036015465867873181
-0.067423492693194434 0.37170808478515166 -0.084693183786354209
-0.05082712212947469 0.35992595177212838 -0.067615022899239804
-0.077799746990785831 0.37896790381101564 -0.095459508801954376
0.19640744588997713 -0.01836632215305941 0.015312837070984055
-0.01789694868164712 0.088906182413707971 0.0029619450705595149
0.05256339220075068 -0.30188422124640779 0.067352829601725756
0.06611235430546468 -0.3778275450528234 0.084317615982719959
0.062650055793062098 -0.35841333404471809 0.079982462012224198
-0.17774412297917688 -0.18565766329062225 0.54228451371808761
-0.19688746379214872 0.021090655349172895 -0.015928244073065138
-0.19683826729296669 0.020815070971241419 -0.015866005298353178
-0.19684986079244687 0.020880085964104199 -0.01588068307221447
0.015344755351868961 -0.085321497312843678 -0.0036650208374474883
0.015602652299537641 -0.085683748971861554 -0.0035939495143253123
0.015541803550210256 -0.085598284701692201 -0.0036107109401996062
0.053225387813237102 -0.29238811797747327 0.066792755366192502
0.089839544879935965 -0.49693388841277825 0.11295329387900656
-0.012830848290585159 0.039361908858830209 -0.014654086235345058
