-1 0 1
1.749418700639473 1 -2.0740331761192894
0.2248249699334694 -0.29732866816321096 -0.12830787906115526
0.22174371892914482 -0.29373932066823977 -0.12639182717232283
0.2235925423789574 -0.29589078062923446 -0.12754205042473765
0.007524536249983645 -0.055123848730868383 0.010368867192749107
0.22330919300115204 -0.29556349504661567 -0.12736520924214403
0.13434467564143218 -0.19329292659377173 -0.071599847339118686
0.6452039031640191 0.091309499712984091 -0.67484427052598039
0.21098838234100667 -0.28016366965494438 -0.12004326945590595
0.20781337082224416 -0.27646509986834522 -0.11806891339716596
0.20971859751276078 -0.27868219643283598 -0.11925422714847189
-0.017988562993278574 -0.024945713358993909 0.026085707304509209
0.20942663203627099 -0.27834495870773995 -0.11907200857591475
0.11714543412118522 -0.17226164040695893 -0.061227665329091671
0.23035316495552444 -0.30418662984089984 -0.13160989207804868
0.2273078401554614 -0.30063913302604922 -0.12971618059150755
0.22913505383670149 -0.30276544565105035 -0.13085295962410692
0.017390765396007569 -0.06681644906516461 0.0042982243206446001
0.22885500599685107 -0.30244197355448477 -0.13067817896111364
0.14114976405477811 -0.20161902771847975 -0.07570216358785696
0.032949010387582925 -0.038052289291726542 -0.020580848930690929
-0.28352344375376021 0.33003166281656282 0.17635377576915356
0.044818683149891597 -0.037253302093651255 -0.032726122162286597
-0.18464973814955687 0.21582924464794986 0.11464474099565444
0.15544130083738736 -0.17477363119243133 -0.098707599677001684
-0.22151422351623787 0.2581581423441377 0.13773136125562285
0.052114109024913507 -0.045751814456671064 -0.037262718077948814
-0.30658320110801368 0.35641553214940719 0.1908246425619155
0.17275169099484985 -0.19493909331806292 -0.10947186909107594
0.047721759541868795 -0.040640404695822911 -0.034530081628456576
0.092463137613432472 -0.10765851482049352 -0.05751069170591732
0.16224594136038259 -0.18271307069660025 -0.10293593177483655
-0.048392002549217196 0.041414584714234239 0.034948385681806651
-0.34788277742154411 0.38569999741859251 0.22267676765713901
0.16383246278741187 -0.1845456720916373 -0.10392608517211503
