rootmask = 72057628397666304
rows = 0,1
h = 0
u = 85368
v = 39199
raw_det = 3792
raw_index = 2
determinant = 948
root_reps_orthogonal = 2
norm4_reps_orthogonal = 1311

gram =
[[62 -11 1 10 5 -2 -8]
 [-11 12 -2 -8 -3 4 -1]
 [1 -2 2 0 0 -2 0]
 [10 -8 0 8 3 0 -2]
 [5 -3 0 3 2 0 -1]
 [-2 4 -2 0 0 6 -3]
 [-8 -1 0 -2 -1 -3 6]]

basis_coords =
[[1 14 2 -6 1 -1 -3 0 -21 2 -16 13 0 -1 -7 -2 -1 1 1 -7 -8 -6 8 5]
 [0 -4 0 2 -1 -2 -2 0 9 0 7 -5 0 1 5 0 0 0 -3 2 2 2 -3 -3]
 [0 0 0 0 0 -1 0 0 0 0 0 0 0 0 0 0 0 0 0 0 0 0 0 0]
 [0 4 0 -2 1 2 1 0 -8 0 -6 5 0 -1 -4 0 0 0 2 -2 -2 -2 2 3]
 [0 2 0 -1 0 1 1 0 -4 0 -3 2 0 0 -2 0 0 0 1 -1 -1 -1 1 2]
 [0 1 0 0 0 0 1 0 0 0 1 -1 1 1 -1 1 2 0 -1 -1 -1 -1 -1 0]
 [0 -2 0 1 0 1 1 0 2 0 1 -2 0 0 0 0 0 0 1 1 1 1 0 -1]]

basis_hnf =
[[1 0 2 0 0 0 0 0 -7 2 -10 2 -2 -2 -3 -4 -5 1 7 1 0 2 0 8]
 [0 1 0 0 0 0 0 0 1 0 2 -1 1 1 0 1 2 0 -2 -1 -1 -1 0 -2]
 [0 0 0 1 0 0 0 0 5 0 6 -4 2 2 1 2 4 0 -4 -1 -1 -1 0 -6]
 [0 0 0 0 1 0 0 0 -1 0 -1 1 0 -1 -1 0 0 0 1 0 0 0 0 0]
 [0 0 0 0 0 1 0 0 0 0 0 0 0 0 0 0 0 0 0 0 0 0 0 0]
 [0 0 0 0 0 0 1 0 -1 0 -1 0 0 0 -1 0 0 0 1 0 0 0 0 1]
 [0 0 0 0 0 0 0 0 0 0 0 0 0 0 0 0 0 0 0 0 0 0 1 -1]]
