rootmask = 18014398509514752
rows = 0,1
h = 0
u = 62552
v = 39199
raw_det = 3792
raw_index = 2
determinant = 948
root_reps_orthogonal = 2
norm4_reps_orthogonal = 1311

gram =
[[62 -11 1 10 5 -2 -8]
 [-11 12 -2 -8 -3 4 -1]
 [1 -2 2 0 0 -2 0]
 [10 -8 0 8 3 0 -2]
 [5 -3 0 3 2 0 -1]
 [-2 4 -2 0 0 6 -3]
 [-8 -1 0 -2 -1 -3 6]]

basis_coords =
[[3 15 1 -6 1 -2 -3 1 -21 1 -16 13 0 0 -8 -2 -1 1 0 -8 -8 -7 8 5]
 [0 -4 0 2 -1 -2 -2 0 9 0 7 -5 0 1 5 0 0 0 -3 2 2 2 -3 -3]
 [0 0 0 0 0 -1 0 0 0 0 0 0 0 0 0 0 0 0 0 0 0 0 0 0]
 [0 4 0 -2 1 2 1 0 -8 0 -6 5 0 -1 -4 0 0 0 2 -2 -2 -2 2 3]
 [0 2 0 -1 0 1 1 0 -4 0 -3 2 0 0 -2 0 0 0 1 -1 -1 -1 1 2]
 [0 1 0 0 0 0 1 0 0 0 1 -1 1 1 -1 1 2 0 -1 -1 -1 -1 -1 0]
 [0 -2 0 1 0 1 1 0 2 0 1 -2 0 0 0 0 0 0 1 1 1 1 0 -1]]

basis_hnf =
[[3 0 1 0 0 0 0 1 -8 1 -12 3 -3 -2 -4 -5 -7 1 8 1 1 2 0 10]
 [0 1 0 0 0 0 0 0 1 0 2 -1 1 1 0 1 2 0 -2 -1 -1 -1 0 -2]
 [0 0 0 1 0 0 0 0 5 0 6 -4 2 2 1 2 4 0 -4 -1 -1 -1 0 -6]
 [0 0 0 0 1 0 0 0 -1 0 -1 1 0 -1 -1 0 0 0 1 0 0 0 0 0]
 [0 0 0 0 0 1 0 0 0 0 0 0 0 0 0 0 0 0 0 0 0 0 0 0]
 [0 0 0 0 0 0 1 0 -1 0 -1 0 0 0 -1 0 0 0 1 0 0 0 0 1]
 [0 0 0 0 0 0 0 0 0 0 0 0 0 0 0 0 0 0 0 0 0 0 1 -1]]
