rootmask = 137438953472
rows = 0,1
h = 0
u = 88732
v = 31919
raw_det = 948
raw_index = 1
determinant = 948
root_reps_orthogonal = 1
norm4_reps_orthogonal = 1311

gram =
[[54 -5 1 7 3 -2 -7]
 [-5 20 -4 -9 -4 5 0]
 [1 -4 2 0 0 -2 0]
 [7 -9 0 8 3 0 -2]
 [3 -4 0 3 2 0 -1]
 [-2 5 -2 0 0 6 -3]
 [-7 0 0 -2 -1 -3 6]]

basis_coords =
[[1 10 2 -4 1 -2 -3 -1 -18 2 -13 11 0 -1 -5 -1 -1 2 1 -6 -7 -5 7 3]
 [0 -4 0 2 -1 -1 -2 0 9 0 7 -5 0 1 5 0 0 0 -3 2 2 2 -2 -4]
 [0 0 0 0 0 -1 0 0 0 0 0 0 0 0 0 0 0 0 0 0 0 0 0 0]
 [0 4 0 -2 1 2 1 0 -8 0 -6 5 0 -1 -4 0 0 0 2 -2 -2 -2 2 3]
 [0 2 0 -1 0 1 1 0 -4 0 -3 2 0 0 -2 0 0 0 1 -1 -1 -1 1 2]
 [0 1 0 0 0 0 1 0 0 0 1 -1 1 1 -1 1 2 0 -1 -1 -1 -1 -1 0]
 [0 -2 0 1 0 1 1 0 2 0 1 -2 0 0 0 0 0 0 1 1 1 1 0 -1]]

basis_hnf =
[[1 0 2 0 0 0 0 -1 -10 2 -11 4 -2 -2 -3 -3 -5 2 7 0 -1 1 0 9]
 [0 1 0 0 0 0 0 0 1 0 2 -1 1 1 0 1 2 0 -2 -1 -1 -1 0 -2]
 [0 0 0 1 0 0 0 0 5 0 6 -4 2 2 1 2 4 0 -4 -1 -1 -1 0 -6]
 [0 0 0 0 1 0 0 0 -1 0 -1 1 0 -1 -1 0 0 0 1 0 0 0 0 0]
 [0 0 0 0 0 1 0 0 0 0 0 0 0 0 0 0 0 0 0 0 0 0 0 0]
 [0 0 0 0 0 0 1 0 -1 0 -1 0 0 0 -1 0 0 0 1 0 0 0 0 1]
 [0 0 0 0 0 0 0 0 0 0 0 0 0 0 0 0 0 0 0 0 0 0 1 -1]]
