rootmask = 576460752303423488
rows = 0,1
h = 0
u = 58
v = 86753
raw_det = 3792
raw_index = 2
determinant = 948
root_reps_orthogonal = 1
norm4_reps_orthogonal = 1311

gram =
[[54 -5 -7 7 3 -2 -7]
 [-5 6 5 -5 -1 2 1]
 [-7 5 8 -8 -3 0 2]
 [7 -5 -8 10 3 2 -5]
 [3 -1 -3 3 2 0 -1]
 [-2 2 0 2 0 6 -3]
 [-7 1 2 -5 -1 -3 6]]

basis_coords =
[[2 15 1 -5 1 -4 -3 2 -17 1 -14 11 1 0 -7 -2 -1 1 -2 -7 -8 -6 7 3]
 [0 -2 0 1 -1 0 0 0 4 0 3 -3 0 1 2 0 0 0 -1 1 1 1 -1 -1]
 [0 -4 0 2 -1 -2 -1 0 8 0 6 -5 0 1 4 0 0 0 -2 2 2 2 -2 -3]
 [0 4 0 -2 1 1 0 0 -7 0 -5 5 0 -1 -3 0 0 0 1 -2 -2 -2 1 3]
 [0 2 0 -1 0 1 1 0 -4 0 -3 2 0 0 -2 0 0 0 1 -1 -1 -1 1 2]
 [0 1 0 0 0 0 1 0 0 0 1 -1 1 1 -1 1 2 0 -1 -1 -1 -1 -1 0]
 [0 -2 0 1 0 1 1 0 2 0 1 -2 0 0 0 0 0 0 1 1 1 1 0 -1]]

basis_hnf =
[[2 0 1 0 0 0 0 2 -9 1 -16 5 -4 -4 -4 -7 -11 1 10 3 2 4 0 13]
 [0 1 0 0 0 0 0 0 1 0 2 -1 1 1 0 1 2 0 -2 -1 -1 -1 0 -2]
 [0 0 0 1 0 0 0 0 5 0 6 -4 2 2 1 2 4 0 -4 -1 -1 -1 0 -6]
 [0 0 0 0 1 0 0 0 -1 0 -1 1 0 -1 -1 0 0 0 1 0 0 0 0 0]
 [0 0 0 0 0 1 0 0 0 0 0 0 0 0 0 0 0 0 0 0 0 0 0 0]
 [0 0 0 0 0 0 1 0 -1 0 -1 0 0 0 -1 0 0 0 1 0 0 0 0 1]
 [0 0 0 0 0 0 0 0 0 0 0 0 0 0 0 0 0 0 0 0 0 0 1 -1]]
