rootmask = 131072
rows = 0,1
h = 2
u = 45857
v = 39199
raw_det = 3792
raw_index = 2
determinant = 948
root_reps_orthogonal = 1
norm4_reps_orthogonal = 1311

gram =
[[28 -5 3 2 1 3 -1]
 [-5 8 -5 -3 1 -1 0]
 [3 -5 10 1 -1 0 1]
 [2 -3 1 12 2 6 -8]
 [1 1 -1 2 2 0 -2]
 [3 -1 0 6 0 6 -4]
 [-1 0 1 -8 -2 -4 6]]

basis_coords =
[[1 7 -1 -2 0 -2 -2 1 -9 1 -6 6 1 -1 -2 0 -1 1 0 -3 -2 -4 3 1]
 [0 0 0 0 0 3 2 0 -2 0 -2 0 0 0 -2 0 0 0 2 0 0 0 1 1]
 [0 -2 -1 0 0 -3 -2 1 5 -1 4 -1 0 0 4 -1 -1 0 -2 2 2 1 -2 -1]
 [0 2 0 -1 0 0 -1 0 -2 0 -1 2 0 0 0 0 0 0 -1 -1 -1 -1 -1 2]
 [0 2 0 -1 0 1 1 0 -4 0 -3 2 0 0 -2 0 0 0 1 -1 -1 -1 1 2]
 [0 1 0 0 0 0 -1 0 1 0 1 0 0 0 1 0 0 0 -1 0 0 0 -1 0]
 [0 -2 0 1 0 -1 0 0 3 0 2 -2 0 0 1 0 0 0 0 1 1 1 0 -2]]

basis_hnf =
[[1 0 0 0 0 0 0 0 -8 2 -6 3 1 -1 -4 1 0 1 2 -3 -2 -3 0 3]
 [0 1 0 0 0 0 0 0 0 0 0 0 0 0 0 0 0 0 0 0 0 0 0 0]
 [0 0 1 0 0 0 0 -1 -3 1 -2 1 0 0 -2 1 1 0 0 -2 -2 -1 0 1]
 [0 0 0 1 0 0 0 0 3 0 2 -2 0 0 1 0 0 0 0 1 1 1 0 -2]
 [0 0 0 0 0 1 0 0 0 0 0 0 0 0 0 0 0 0 0 0 0 0 0 0]
 [0 0 0 0 0 0 1 0 -1 0 -1 0 0 0 -1 0 0 0 1 0 0 0 0 1]
 [0 0 0 0 0 0 0 0 0 0 0 0 0 0 0 0 0 0 0 0 0 0 1 -1]]
