rootmask = 34359738368
rows = 0,1
h = 1
u = 178
v = 34587
raw_det = 3792
raw_index = 2
determinant = 948
root_reps_orthogonal = 1
norm4_reps_orthogonal = 1311

gram =
[[40 -2 -8 0 1 -2 -2]
 [-2 16 -5 -1 -1 1 -6]
 [-8 -5 10 -3 -3 0 7]
 [0 -1 -3 12 2 6 -10]
 [1 -1 -3 2 2 0 -2]
 [-2 1 0 6 0 6 -5]
 [-2 -6 7 -10 -2 -5 12]]

basis_coords =
[[2 12 1 -3 2 -4 -3 1 -12 1 -10 8 1 0 -5 -1 -1 1 -2 -6 -6 -4 5 1]
 [0 0 0 1 0 2 1 0 0 0 -1 0 0 0 -2 2 0 0 1 1 -1 -1 0 -1]
 [0 -5 0 2 0 -2 -2 0 9 0 7 -5 0 0 5 -1 0 0 -2 2 3 3 -3 -3]
 [0 2 0 -1 0 0 -1 0 -2 0 -1 2 0 0 0 0 0 0 -1 -1 -1 -1 -1 2]
 [0 2 0 -1 0 1 1 0 -4 0 -3 2 0 0 -2 0 0 0 1 -1 -1 -1 1 2]
 [0 1 0 0 0 0 1 0 0 0 1 -1 1 1 -1 1 2 0 -1 -1 -1 -1 -1 0]
 [0 -3 0 1 0 -1 0 0 4 0 3 -3 0 0 2 -1 0 0 0 1 2 2 0 -2]]

basis_hnf =
[[2 0 1 0 2 0 0 1 0 1 -1 -4 1 0 1 -7 -1 1 1 -3 3 5 0 3]
 [0 1 0 0 0 0 0 0 1 0 2 -1 1 1 0 1 2 0 -2 -1 -1 -1 0 -2]
 [0 0 0 1 0 0 0 0 1 0 0 0 0 0 -1 2 0 0 0 1 -1 -1 0 -2]
 [0 0 0 0 0 1 0 0 0 0 0 0 0 0 0 0 0 0 0 0 0 0 0 0]
 [0 0 0 0 0 0 1 0 1 0 2 -2 1 1 0 0 2 0 -1 -1 0 0 0 -1]
 [0 0 0 0 0 0 0 0 2 0 3 -2 1 1 1 0 2 0 -2 -1 0 0 0 -2]
 [0 0 0 0 0 0 0 0 0 0 0 0 0 0 0 0 0 0 0 0 0 0 1 -1]]
