iteration = 79370
determinant = 950
root_reps_orthogonal = 1
norm4_reps_orthogonal = 1311
energy = 0.0221035

gram =
[[6 -1 1 0 1 0 0]
 [-1 4 0 0 -1 1 0]
 [1 0 4 4 0 -4 2]
 [0 0 4 8 0 -6 3]
 [1 -1 0 0 2 0 0]
 [0 1 -4 -6 0 8 -3]
 [0 0 2 3 0 -3 2]]

basis_coords =
[[0 -1 0 -1 -1 -2 1 -1 1 0 -1 1 1 1 0 0 -1 0 0 0 0 0 -1 0]
 [-1 0 0 -1 0 0 1 1 -1 0 0 -1 0 1 0 1 0 1 0 -1 0 0 1 0]
 [0 0 -1 -1 1 0 1 0 -1 1 0 -2 0 0 0 1 0 0 -1 -1 0 2 -1 0]
 [0 0 1 -1 0 1 0 0 -2 0 0 -1 0 0 1 0 0 0 0 0 -1 2 -1 -1]
 [0 -1 0 0 0 0 0 0 0 0 0 0 0 0 0 0 0 0 0 0 0 0 0 0]
 [1 0 0 0 -1 -1 -1 1 2 -1 -1 2 0 0 0 -1 0 0 1 0 1 -2 1 1]
 [0 0 0 0 0 0 1 0 -1 0 0 -1 0 0 0 1 0 0 0 0 -1 1 0 0]]
