# Gram in row order F,O,E6x6,D4x4,A2_P2x2,A2_P1x2,A1,P1,P2,S.
# S has profile (E6,D4,A2,A2,A1;O)=(2,d2,0,0,0;0), P1.S=0, P2.S=2.
0 1 0 0 0 0 0 0 0 0 0 0 0 0 0 0 0 1 1 1
1 -2 0 0 0 0 0 0 0 0 0 0 0 0 0 0 0 0 1 0
0 0 -2 1 0 0 0 0 0 0 0 0 0 0 0 0 0 1 0 0
0 0 1 -2 0 1 0 0 0 0 0 0 0 0 0 0 0 0 0 0
0 0 0 0 -2 0 1 0 0 0 0 0 0 0 0 0 0 0 1 1
0 0 0 1 0 -2 1 1 0 0 0 0 0 0 0 0 0 0 0 0
0 0 0 0 1 1 -2 0 0 0 0 0 0 0 0 0 0 0 0 0
0 0 0 0 0 1 0 -2 0 0 0 0 0 0 0 0 0 0 0 0
0 0 0 0 0 0 0 0 -2 1 0 0 0 0 0 0 0 0 0 1
0 0 0 0 0 0 0 0 1 -2 1 1 0 0 0 0 0 0 0 0
0 0 0 0 0 0 0 0 0 1 -2 0 0 0 0 0 0 0 1 0
0 0 0 0 0 0 0 0 0 1 0 -2 0 0 0 0 0 0 0 0
0 0 0 0 0 0 0 0 0 0 0 0 -2 1 0 0 0 0 0 0
0 0 0 0 0 0 0 0 0 0 0 0 1 -2 0 0 0 0 1 0
0 0 0 0 0 0 0 0 0 0 0 0 0 0 -2 1 0 0 0 0
0 0 0 0 0 0 0 0 0 0 0 0 0 0 1 -2 0 1 0 0
0 0 0 0 0 0 0 0 0 0 0 0 0 0 0 0 -2 1 0 0
1 0 1 0 0 0 0 0 0 0 0 0 0 0 0 1 1 -2 2 0
1 1 0 0 1 0 0 0 0 0 1 0 0 1 0 0 0 2 -2 2
1 0 0 0 1 0 0 0 1 0 0 0 0 0 0 0 0 0 2 -2
