# Positive rank-18 frame on the discriminant-43 Picard-rank-20 K3.
# Norm-2 root system 3A4 (rank/count/determinant 12/60/125), hence MW rank 6.
2 0 -1 0 -1 -1 -1 0 0 2 2 2 -2 1 1 -1 -1 1
0 2 -1 0 0 1 0 0 0 -1 1 -1 2 -1 0 -1 1 -1
-1 -1 2 0 0 0 0 0 0 0 -2 -1 0 0 -2 1 -1 -1
0 0 0 4 1 4 1 -1 2 0 1 3 -1 0 0 -1 -2 0
-1 0 0 1 6 0 2 0 4 -4 2 -2 1 3 -2 -4 5 7
-1 1 0 4 0 10 3 0 2 -2 0 2 5 -2 0 2 2 -1
-1 0 0 1 2 3 4 0 4 -3 1 -1 1 0 -2 0 4 5
0 0 0 -1 0 0 0 4 -2 -2 -2 -2 3 0 0 2 3 0
0 0 0 2 4 2 4 -2 8 -2 4 2 -2 2 -4 -4 3 7
2 -1 0 0 -4 -2 -3 -2 -2 8 0 8 -7 -1 5 0 -10 -11
2 1 -2 1 2 0 1 -2 4 0 6 1 -2 2 0 -4 2 7
2 -1 -1 3 -2 2 -1 -2 2 8 1 24 -11 -4 8 0 -13 -27
-2 2 0 -1 1 5 1 3 -2 -7 -2 -11 14 1 -3 3 11 10
1 -1 0 0 3 -2 0 0 2 -1 2 -4 1 8 -1 -4 4 13
1 0 -2 0 -2 0 -2 0 -4 5 0 8 -3 -1 14 2 -9 -15
-1 -1 1 -1 -4 2 0 2 -4 0 -4 0 3 -4 2 8 -1 -6
-1 1 -1 -2 5 2 4 3 3 -10 2 -13 11 4 -9 -1 20 24
1 -1 -1 0 7 -1 5 0 7 -11 7 -27 10 13 -15 -6 24 58
