# Exact stable Neron--Severi transport for the E6/MW3 frame.
# Rows express the basis of U + (-mw3_e6_a3a3_a1a1_frame) in the basis of
# U + (-rank17_gram). Recompute and verify with:
#   sage elkies-k3/scripts/verify_e6_neighbor_chain.sage
1458 1619 -10 1 -12 9 3 -1 -318 -181 10 1 978 -822 158 -9 1 2 3
5832 6476 -40 4 -48 36 13 -2 -1272 -725 38 4 3912 -3288 632 -36 3 9 12
54 60 0 0 0 0 0 0 -12 -6 0 0 36 -30 6 -1 0 0 0
437 486 -3 1 -3 3 1 0 -96 -55 3 0 294 -246 47 -3 1 0 0
-145 -163 2 0 2 0 -1 -1 31 17 0 0 -98 82 -15 0 0 0 0
61 70 -1 0 0 -1 1 1 -13 -7 -1 0 41 -36 8 -1 1 -1 0
-573 -638 5 0 4 -4 -1 -1 125 71 -4 0 -385 324 -64 5 -1 1 0
71 80 0 0 1 0 0 1 -16 -9 0 -1 48 -40 8 0 1 -1 -1
208 233 -2 0 0 1 0 2 -48 -26 3 0 141 -117 24 -2 0 -1 -1
215 242 -1 0 -1 0 2 1 -50 -25 2 2 146 -122 22 -1 0 0 0
-575 -638 3 -1 3 -3 -1 1 127 72 -6 -1 -386 322 -62 4 -1 -1 0
134 150 0 0 -3 -1 2 -2 -30 -11 2 4 89 -75 12 -2 1 1 0
596 656 -1 1 -3 7 -1 -2 -132 -74 6 -1 398 -334 64 -5 1 2 0
153 173 -2 0 0 2 1 0 -35 -18 2 -1 104 -87 17 -1 0 0 0
219 243 0 0 -1 4 -1 -1 -50 -24 5 0 147 -122 23 -3 0 2 -2
-196 -223 4 0 2 -2 0 -3 44 24 -2 1 -134 112 -24 3 1 1 1
-60 -72 1 0 0 -1 1 -2 16 7 -3 1 -42 34 -9 2 0 2 2
-145 -162 1 -1 0 1 -2 -1 31 18 2 1 -98 82 -14 -1 -1 -1 0
-635 -708 3 -1 2 -2 -2 -4 142 81 -4 0 -428 359 -71 5 -2 3 2
