# Direct q=60 neighbor of the canonical H2 Kumar E7+E8/MW2 frame.
# Witness: a=5, b=12, v=(0,0,-1,-1,-1,-1,-1,0,0,0,0,0,0,0,0,0,1).
# Reproduced by scripts/verify_fibration_neighbor.sage and the command in
# KUMAR_E7E8_BACKTRACK.md.
2 -1 0 0 0 0 0 0 0 0 0 0 -1 -1 1 -1 0
-1 2 -1 0 0 0 0 0 0 0 0 0 0 0 0 0 0
0 -1 2 0 0 0 0 0 0 0 0 0 0 0 0 0 -1
0 0 0 2 0 -1 0 0 0 0 0 0 0 0 0 0 0
0 0 0 0 2 0 -1 0 0 0 0 0 0 0 0 0 0
0 0 0 -1 0 2 -1 0 0 0 0 0 0 0 0 0 0
0 0 0 0 -1 -1 2 -1 0 0 0 0 0 0 0 0 0
0 0 0 0 0 0 -1 2 -1 0 0 0 0 0 0 0 0
0 0 0 0 0 0 0 -1 2 -1 0 0 0 0 0 0 0
0 0 0 0 0 0 0 0 -1 2 -1 0 0 0 0 0 0
0 0 0 0 0 0 0 0 0 -1 2 0 0 0 0 0 0
0 0 0 0 0 0 0 0 0 0 0 4 0 0 0 0 0
-1 0 0 0 0 0 0 0 0 0 0 0 4 -1 -2 1 1
-1 0 0 0 0 0 0 0 0 0 0 0 -1 2 -1 2 -1
1 0 0 0 0 0 0 0 0 0 0 0 -2 -1 12 -6 -13
-1 0 0 0 0 0 0 0 0 0 0 0 1 2 -6 22 -30
0 0 -1 0 0 0 0 0 0 0 0 0 1 -1 -13 -30 86
