# C satisfies C^t * rank17_gram * C = the terminal q80-path frame.
0 -1 -4 -7 4 1 0 -2 -4 -1 3 -1 -4 -4 2 4 3
0 1 -1 1 3 1 0 3 2 5 -1 -2 1 -2 2 3 -1
-2 -2 1 5 -2 0 2 3 5 1 -1 0 4 -3 2 -3 -6
-1 2 0 -5 -1 -1 -2 -5 -3 -3 4 3 -1 0 -4 1 3
0 1 2 6 1 2 0 3 5 5 0 -2 4 -3 6 3 -1
-2 2 2 10 5 1 0 8 2 3 -2 0 5 -5 8 -3 -7
1 -2 -1 -5 -2 -1 1 -4 -5 -6 0 0 -4 4 -3 -2 3
0 -4 -5 -6 -1 0 5 -1 -7 -9 -1 1 -5 0 0 -5 -2
0 1 3 1 -6 0 -1 -4 5 1 4 3 3 3 -3 2 3
0 3 4 9 -1 1 -1 3 3 3 -1 1 5 2 3 -2 -1
-2 1 -1 1 -1 1 1 0 2 4 1 -1 3 -1 1 1 -2
0 -4 -2 -3 -1 -1 2 0 -1 -3 -2 -1 -3 1 -2 -2 -2
1 1 5 7 0 0 -2 3 7 3 1 2 4 -1 2 1 1
0 -2 -3 -6 -2 -1 1 -4 -4 -2 -1 -2 -4 3 -4 -1 1
-1 -2 -1 2 -3 1 3 1 3 1 -1 -1 2 -1 2 -1 -4
1 3 1 1 5 -1 -2 3 -4 -1 -2 1 -1 1 -1 -2 1
3 2 3 0 0 -2 -4 -1 -1 0 -3 0 -2 5 -6 0 4
