# E7+E8/MW2 Kumar anchor, height Gram [[5/2,1],[1,190]].
# Reproduced by scripts/classify_kumar_e7e8_anchors.sage.
2 0 -1 0 0 0 0 0 0 0 0 0 0 0 0 0 0
0 2 0 -1 0 0 0 0 0 0 0 0 0 0 0 0 0
-1 0 2 -1 0 0 0 0 0 0 0 0 0 0 0 0 0
0 -1 -1 2 -1 0 0 0 0 0 0 0 0 0 0 0 0
0 0 0 -1 2 -1 0 0 0 0 0 0 0 0 0 0 0
0 0 0 0 -1 2 -1 0 0 0 0 0 0 0 0 0 0
0 0 0 0 0 -1 2 0 0 0 0 0 0 0 0 1 0
0 0 0 0 0 0 0 2 0 -1 0 0 0 0 0 0 0
0 0 0 0 0 0 0 0 2 0 -1 0 0 0 0 0 0
0 0 0 0 0 0 0 -1 0 2 -1 0 0 0 0 0 0
0 0 0 0 0 0 0 0 -1 -1 2 -1 0 0 0 0 0
0 0 0 0 0 0 0 0 0 0 -1 2 -1 0 0 0 0
0 0 0 0 0 0 0 0 0 0 0 -1 2 -1 0 0 0
0 0 0 0 0 0 0 0 0 0 0 0 -1 2 -1 0 0
0 0 0 0 0 0 0 0 0 0 0 0 0 -1 2 0 0
0 0 0 0 0 0 1 0 0 0 0 0 0 0 0 4 1
0 0 0 0 0 0 0 0 0 0 0 0 0 0 0 1 190
