# E7+E8/MW2 Kumar anchor, height Gram [[21/2,3],[3,46]].
# Reproduced by scripts/classify_kumar_e7e8_anchors.sage.
2 0 -1 0 0 0 0 0 0 0 0 0 0 0 0 0 0
0 2 0 -1 0 0 0 0 0 0 0 0 0 0 0 0 0
-1 0 2 -1 0 0 0 0 0 0 0 0 0 0 0 0 0
0 -1 -1 2 -1 0 0 0 0 0 0 0 0 0 0 0 0
0 0 0 -1 2 -1 0 0 0 0 0 0 0 0 0 0 0
0 0 0 0 -1 2 -1 0 0 0 0 0 0 0 0 0 0
0 0 0 0 0 -1 2 0 0 0 0 0 0 0 0 1 0
0 0 0 0 0 0 0 2 0 -1 0 0 0 0 0 0 0
0 0 0 0 0 0 0 0 2 0 -1 0 0 0 0 0 0
0 0 0 0 0 0 0 -1 0 2 -1 0 0 0 0 0 0
0 0 0 0 0 0 0 0 -1 -1 2 -1 0 0 0 0 0
0 0 0 0 0 0 0 0 0 0 -1 2 -1 0 0 0 0
0 0 0 0 0 0 0 0 0 0 0 -1 2 -1 0 0 0
0 0 0 0 0 0 0 0 0 0 0 0 -1 2 -1 0 0
0 0 0 0 0 0 0 0 0 0 0 0 0 -1 2 0 0
0 0 0 0 0 0 1 0 0 0 0 0 0 0 0 12 3
0 0 0 0 0 0 0 0 0 0 0 0 0 0 0 3 46
