# Positive rank-18 frame of the Delta=-43 primitive closure of the H2 Kumar
# E7+E8/MW2 frame.  Reproduce with:
#   sage elkies-k3/scripts/classify_kumar_cm_frame_extensions.sage \
#     --search-max-q 60 --print-cm43-frame
# det=43; roots=E7+E8; MW rank=3.
12012 1 0 -1 1 -1 2 0 0 0 0 0 0 0 0 16512 120 22016
1 2 0 -1 0 0 0 0 0 0 0 0 0 0 0 0 0 0
0 0 2 -1 0 0 0 0 0 0 0 0 0 0 0 0 0 0
-1 -1 -1 2 -1 0 0 0 0 0 0 0 0 0 0 0 0 0
1 0 0 -1 2 -1 0 0 0 0 0 0 0 0 0 0 0 0
-1 0 0 0 -1 2 -1 0 0 0 0 0 0 0 0 0 0 0
2 0 0 0 0 -1 2 0 0 0 0 0 0 0 0 0 1 0
0 0 0 0 0 0 0 2 0 -1 0 0 0 0 0 0 0 0
0 0 0 0 0 0 0 0 2 0 -1 0 0 0 0 0 0 0
0 0 0 0 0 0 0 -1 0 2 -1 0 0 0 0 0 0 0
0 0 0 0 0 0 0 0 -1 -1 2 -1 0 0 0 0 0 0
0 0 0 0 0 0 0 0 0 0 -1 2 -1 0 0 0 0 0
0 0 0 0 0 0 0 0 0 0 0 -1 2 -1 0 0 0 0
0 0 0 0 0 0 0 0 0 0 0 0 -1 2 -1 0 0 0
0 0 0 0 0 0 0 0 0 0 0 0 0 -1 2 0 0 0
16512 0 0 0 0 0 0 0 0 0 0 0 0 0 0 22930 0 30573
120 0 0 0 0 0 1 0 0 0 0 0 0 0 0 0 120 0
22016 0 0 0 0 0 0 0 0 0 0 0 0 0 0 30573 0 40764
