# Explicit terminal NS basis in U + (-mw2_e6_d4_a2a2_a1_frame).
# Row order: F, O, E6[1..6], D4[1..4], A2_P2[1..2],
# A2_P1[1..2], A1[1], P1, P2.
# Recompute and verify with:
#   sage elkies-k3/scripts/verify_mw2_rank17_transport.sage
1 0 0 0 0 0 0 0 0 0 0 0 0 0 0 0 0 0 0
-1 1 0 0 0 0 0 0 0 0 0 0 0 0 0 0 0 0 0
0 0 1 3 2 -5 9 -3 -1 -4 -1 2 8 -3 -2 -2 -1 0 0
0 0 2 -2 -1 2 -5 3 1 2 1 -2 -6 1 2 1 -1 -1 0
0 0 0 1 0 0 0 0 0 0 0 0 0 0 0 0 0 0 0
0 0 0 4 4 -1 5 -5 -1 -4 -1 2 5 -1 -1 0 2 1 0
0 0 1 -2 -2 -2 1 2 0 1 0 -1 0 -1 0 -1 -2 -1 0
0 0 1 1 1 2 -1 1 1 0 0 -1 -3 -1 1 1 1 0 1
0 0 3 -2 0 1 -4 5 2 1 1 -3 -8 -1 4 -1 -2 -2 1
0 0 1 0 -1 1 -1 -4 -2 0 0 1 2 2 -1 2 1 1 -2
0 0 2 5 6 -1 6 1 2 -4 -1 -1 0 -5 1 -1 1 -1 3
0 0 3 4 4 -2 5 -4 -1 -4 -1 1 3 -2 0 0 0 0 0
0 0 4 -2 -1 -1 -2 6 2 1 1 -3 -6 -2 3 -2 -4 -3 1
0 0 0 7 6 -2 10 -9 -2 -6 -2 3 10 -2 -3 1 4 2 0
0 0 0 1 2 3 -3 -3 0 -1 0 1 -1 2 0 3 3 2 -1
0 0 1 -1 -2 -3 3 3 0 1 0 -1 1 -2 0 -3 -3 -2 1
0 0 4 1 1 -4 6 6 2 -1 0 -3 -2 -6 2 -4 -4 -4 3
1 1 -3 -2 0 8 -12 2 2 3 1 -1 -9 4 2 4 4 2 0
2 1 -20 -30 -28 18 -49 17 2 28 7 -2 -25 24 1 6 0 5 -7
