2 -2 -2 -1 -1 1 0 -2 -1 1 0 -2 1 1 -2 1 2
-2 82 13 37 25 2 -74 -20 -53 69 -25 23 27 79 -36 47 95
-2 13 24 3 15 -1 -38 -4 -13 15 -15 2 -20 30 28 9 11
-1 37 3 34 2 11 -35 -6 -20 35 -3 22 13 31 -39 0 34
-1 25 15 2 26 -3 -40 -8 -30 31 -25 -9 -6 24 32 37 24
1 2 -1 11 -3 10 -9 1 -12 19 0 -4 1 -1 -8 1 -3
0 -74 -38 -35 -40 -9 116 21 70 -88 43 -9 11 -95 -15 -52 -82
-2 -20 -4 -6 -8 1 21 12 9 -14 9 -8 -5 -28 9 -14 -27
-1 -53 -13 -20 -30 -12 70 9 106 -124 40 51 -24 -36 -22 -96 -59
1 69 15 35 31 19 -88 -14 -124 168 -50 -49 26 55 2 100 65
0 -25 -15 -3 -25 0 43 9 40 -50 30 17 4 -28 -27 -42 -24
-2 23 2 22 -9 -4 -9 -8 51 -49 17 74 -3 40 -59 -61 28
1 27 -20 13 -6 1 11 -5 -24 26 4 -3 54 0 -53 26 46
1 79 30 31 24 -1 -95 -28 -36 55 -28 40 0 124 -35 26 107
-2 -36 28 -39 32 -8 -15 9 -22 2 -27 -59 -53 -35 138 45 -59
1 47 9 0 37 1 -52 -14 -96 100 -42 -61 26 26 45 120 53
2 95 11 34 24 -3 -82 -27 -59 65 -24 28 46 107 -59 53 150
