2 0 0 -1 0 1 0 -1 0 0 0 0 0 -1 1 0 -1
0 42 102 55 -19 71 7 -163 71 -14 15 153 -67 -152 126 -18 127
0 102 506 300 -130 396 51 -810 454 -205 110 699 -386 -657 566 170 726
-1 55 300 206 -68 264 44 -505 280 -159 103 477 -223 -401 343 173 454
0 -19 -130 -68 48 -88 -11 189 -116 48 -16 -145 96 151 -132 -37 -173
1 71 396 264 -88 356 53 -663 377 -202 126 603 -300 -525 449 212 598
0 7 51 44 -11 53 30 -85 54 -41 38 104 -35 -74 73 49 71
-1 -163 -810 -505 189 -663 -85 1350 -750 369 -208 -1194 639 1081 -928 -341 -1219
0 71 454 280 -116 377 54 -750 452 -228 112 634 -382 -587 516 220 698
0 -14 -205 -159 48 -202 -41 369 -228 162 -95 -351 176 269 -237 -211 -356
0 15 110 103 -16 126 38 -208 112 -95 94 242 -61 -154 131 138 186
0 153 699 477 -145 603 104 -1194 634 -351 242 1158 -520 -971 829 362 1056
0 -67 -386 -223 96 -300 -35 639 -382 176 -61 -520 356 510 -454 -142 -597
-1 -152 -657 -401 151 -525 -74 1081 -587 269 -154 -971 510 896 -770 -215 -954
1 126 566 343 -132 449 73 -928 516 -237 131 829 -454 -770 674 185 822
0 -18 170 173 -37 212 49 -341 220 -211 138 362 -142 -215 185 330 351
-1 127 726 454 -173 598 71 -1219 698 -356 186 1056 -597 -954 822 351 1130
