4 0 2 2 0 -2 -1 -3 -2 2 1 0 0 4 -4 -1 4
0 16 18 24 -3 -18 17 -12 14 -26 -13 -4 -12 6 9 2 11
2 18 32 36 2 -35 24 -15 21 -45 -17 -5 -18 11 4 1 19
2 24 36 104 -13 -74 22 -71 19 -100 -43 -31 -20 52 5 -19 71
0 -3 2 -13 14 3 5 13 2 8 12 3 7 -5 -6 2 -14
-2 -18 -35 -74 3 64 -19 45 -19 74 33 23 12 -36 -4 13 -48
-1 17 24 22 5 -19 30 -5 24 -36 -13 3 -18 1 5 8 2
-3 -12 -15 -71 13 45 -5 62 0 56 21 31 4 -45 1 13 -57
-2 14 21 19 2 -19 24 0 24 -34 -20 6 -19 -3 7 6 0
2 -26 -45 -100 8 74 -36 56 -34 120 49 16 37 -37 -7 13 -59
1 -13 -17 -43 12 33 -13 21 -20 49 42 1 21 -11 -11 3 -22
0 -4 -5 -31 3 23 3 31 6 16 1 26 -10 -26 1 8 -29
0 -12 -18 -20 7 12 -18 4 -19 37 21 -10 34 3 -2 -6 -10
4 6 11 52 -5 -36 1 -45 -3 -37 -11 -26 3 38 -7 -13 44
-4 9 4 5 -6 -4 5 1 7 -7 -11 1 -2 -7 22 -1 -4
-1 2 1 -19 2 13 8 13 6 13 3 8 -6 -13 -1 16 -16
4 11 19 71 -14 -48 2 -57 0 -59 -22 -29 -10 44 -4 -16 62
