2 0 0 0 1 1 1 1 -3 2 -1 2 -1 -2 2 0 -1
0 2 -1 -1 0 1 0 0 0 0 0 1 1 0 1 0 -1
0 -1 14 -5 -6 -8 5 28 20 3 11 -19 14 4 -4 9 -2
0 -1 -5 32 20 18 -6 -27 -28 -20 -3 28 -9 -9 -18 15 -13
1 0 -6 20 18 15 -4 -21 -24 -9 -8 25 -9 -7 -7 6 -12
1 1 -8 18 15 24 -19 -34 -23 -15 -8 30 -14 -7 -3 7 -7
1 0 5 -6 -4 -19 48 48 -16 32 19 -22 43 15 3 -24 -17
1 0 28 -27 -21 -34 48 98 33 42 37 -61 68 25 5 -11 -11
-3 0 20 -28 -24 -23 -16 33 80 -5 7 -42 -1 3 0 22 26
2 0 3 -20 -9 -15 32 42 -5 44 9 -26 32 15 20 -35 -12
-1 0 11 -3 -8 -8 19 37 7 9 28 -20 43 17 -6 0 -2
2 1 -19 28 25 30 -22 -61 -42 -26 -20 54 -32 -15 -7 9 -3
-1 1 14 -9 -9 -14 43 68 -1 32 43 -32 80 32 -1 -15 -12
-2 0 4 -9 -7 -7 15 25 3 15 17 -15 32 18 2 -12 1
2 1 -4 -18 -7 -3 3 5 0 20 -6 -7 -1 2 22 -23 -1
0 0 9 15 6 7 -24 -11 22 -35 0 9 -15 -12 -23 46 10
-1 -1 -2 -13 -12 -7 -17 -11 26 -12 -2 -3 -12 1 -1 10 32
