2 0 0 1 -1 0 1 0 -1 1 -1 -1 0 -2 -1 0 -2
0 2 1 0 -1 0 -1 -1 -1 0 1 -1 -1 1 0 1 -1
0 1 14 -10 10 -2 -5 1 -13 7 33 -5 16 27 13 6 5
1 0 -10 24 -26 5 2 -16 27 -27 -36 5 -34 -37 -14 -2 -16
-1 -1 10 -26 40 -3 -5 34 -39 55 39 -5 42 61 24 -9 16
0 0 -2 5 -3 4 2 0 2 -5 -6 1 -5 -4 -4 -4 -9
1 -1 -5 2 -5 2 12 4 1 -9 -11 6 2 -22 -18 1 -10
0 -1 1 -16 34 0 4 52 -34 68 16 8 40 42 7 -13 5
-1 -1 -13 27 -39 2 1 -34 48 -55 -43 6 -48 -60 -19 7 -10
1 0 7 -27 55 -5 -9 68 -55 120 38 2 63 86 30 -17 25
-1 1 33 -36 39 -6 -11 16 -43 38 94 -10 62 79 33 11 22
-1 -1 -5 5 -5 1 6 8 6 2 -10 16 5 -17 -13 -1 2
0 -1 16 -34 42 -5 2 40 -48 63 62 5 74 56 11 1 23
-2 1 27 -37 61 -4 -22 42 -60 86 79 -17 56 122 59 -12 25
-1 0 13 -14 24 -4 -18 7 -19 30 33 -13 11 59 40 -6 18
0 1 6 -2 -9 -4 1 -13 7 -17 11 -1 1 -12 -6 16 3
-2 -1 5 -16 16 -9 -10 5 -10 25 22 2 23 25 18 3 34
