2 0 0 0 2 -1 0 1 -2 2 -2 0 0 -1 -3 1 3
0 2 0 1 0 -1 1 0 2 -1 0 -1 1 2 0 0 0
0 0 2 0 -1 0 0 0 0 0 -1 1 0 -1 0 0 0
0 1 0 22 -12 -3 4 7 5 8 6 -2 8 -4 24 -17 7
2 0 -1 -12 24 -9 -3 -3 -1 7 -16 2 -8 5 -32 18 -2
-1 -1 0 -3 -9 30 -8 -11 -15 -24 10 6 -8 -4 42 3 -16
0 1 0 4 -3 -8 10 10 3 12 3 -12 12 1 -10 -3 10
1 0 0 7 -3 -11 10 22 6 11 9 -16 16 -3 -12 -23 18
-2 2 0 5 -1 -15 3 6 18 3 -1 0 4 3 -14 -17 3
2 -1 0 8 7 -24 12 11 3 36 -9 -12 12 1 -32 8 20
-2 0 -1 6 -16 10 3 9 -1 -9 20 -9 9 -3 24 -21 4
0 -1 1 -2 2 6 -12 -16 0 -12 -9 20 -17 0 13 8 -15
0 1 0 8 -8 -8 12 16 4 12 9 -17 20 -3 -7 -16 16
-1 2 -1 -4 5 -4 1 -3 3 1 -3 0 -3 10 -4 12 -5
-3 0 0 24 -32 42 -10 -12 -14 -32 24 13 -7 -4 112 -10 -25
1 0 0 -17 18 3 -3 -23 -17 8 -21 8 -16 12 -10 64 -16
3 0 0 7 -2 -16 10 18 3 20 4 -15 16 -5 -25 -16 26
