# Optimal endpoint on the preferred two-neighbor path for the disc-43 K3.
# det=43; roots A12+A3+A2 (rank/count/det=17/174/156); MW=1.
2 0 0 0 0 0 1 0 0 0 1 0 0 0 -1 0 0 0
0 2 -1 0 0 0 0 0 0 0 0 0 0 0 0 0 0 0
0 -1 2 0 0 0 0 0 -1 0 -1 0 0 0 1 0 0 0
0 0 0 2 0 0 0 0 0 0 0 0 1 -1 0 0 0 0
0 0 0 0 4 -1 -2 -1 -2 -2 -1 -2 -1 1 -2 0 -2 2
0 0 0 0 -1 2 1 1 -1 -1 -2 -2 0 1 2 -1 1 0
1 0 0 0 -2 1 6 -1 4 -1 -2 4 1 0 7 3 4 1
0 0 0 0 -1 1 -1 6 -3 1 -1 -4 0 -1 0 0 3 1
0 0 -1 0 -2 -1 4 -3 10 -1 2 8 1 0 3 4 2 -1
0 0 0 0 -2 -1 -1 1 -1 6 4 2 -1 -3 -5 -2 -1 -3
1 0 -1 0 -1 -2 -2 -1 2 4 16 3 -3 0 -21 -4 -5 -6
0 0 0 0 -2 -2 4 -4 8 2 3 12 0 -2 3 4 4 0
0 0 0 1 -1 0 1 0 1 -1 -3 0 4 -2 7 0 2 1
0 0 0 -1 1 1 0 -1 0 -3 0 -2 -2 4 -2 1 -2 0
-1 0 1 0 -2 2 7 0 3 -5 -21 3 7 -2 38 10 14 9
0 0 0 0 0 -1 3 0 4 -2 -4 4 0 1 10 10 5 4
0 0 0 0 -2 1 4 3 2 -1 -5 4 2 -2 14 5 12 5
0 0 0 0 2 0 1 1 -1 -3 -6 0 1 0 9 4 5 6
