# Integral row-basis transport from U+(-picard20 E6+D4+2A2+A1 frame)
# to U+(-picard20 A12+A3+A2 frame).  T*G_initial*T^t=G_terminal; det(T)=1.
26 48 -12 0 0 0 -1 -2 0 0 -1 -25 0 0 0 0 -12 0 3 -13
52 96 -24 1 0 0 -2 -4 -1 0 -2 -50 0 0 0 0 -24 0 6 -26
0 0 0 0 0 0 0 0 0 0 0 0 1 0 0 0 0 0 0 0
0 0 0 0 0 0 0 0 0 0 0 0 0 0 1 0 0 0 0 0
0 0 0 0 0 0 0 0 0 0 0 0 0 0 0 1 0 0 0 0
4 8 -2 0 0 0 0 0 0 0 0 -4 0 0 0 0 -2 0 1 -2
0 1 0 0 0 0 -1 0 0 0 0 0 0 0 0 0 -1 0 0 0
-1 -1 0 0 0 0 0 0 0 0 0 1 0 0 0 0 1 0 0 0
0 -1 0 0 0 0 0 0 0 0 1 0 0 -1 0 0 1 0 0 0
-1 0 0 0 0 0 1 -1 0 0 0 1 0 0 0 0 0 0 0 0
1 -1 0 0 0 0 0 0 0 0 1 -1 0 0 0 0 1 1 0 0
0 0 1 0 0 0 1 0 0 1 0 0 0 0 0 0 0 0 0 0
-1 -2 1 0 -1 0 0 0 0 0 -2 0 0 -1 0 0 1 1 -1 1
0 -2 1 0 0 0 0 0 0 0 1 -1 0 0 0 0 1 0 0 1
-2 -5 1 0 0 -1 0 0 0 -1 0 2 0 0 0 0 1 0 0 1
-6 -11 2 0 0 1 0 1 0 0 0 6 0 0 0 0 3 0 -1 3
1 -1 0 1 0 0 0 0 0 -1 3 0 0 1 0 0 0 -1 1 -1
0 -2 0 0 -1 1 0 0 -1 -1 1 0 0 0 0 0 0 0 0 0
-1 -1 1 1 -1 0 0 -1 0 -1 1 0 0 0 0 0 1 0 0 0
-1 -1 1 1 0 1 0 0 -1 -2 0 0 0 0 0 0 0 0 0 0
