18 6 -6 7 -2 -14 -10 -9 -5 -17 -18 15 -4 8 26 11 13
6 8 -1 0 1 -1 -5 0 -7 -2 -8 1 1 8 13 4 0
-6 -1 10 -5 -4 0 -3 9 5 4 5 -8 -6 -5 -8 -7 -8
7 0 -5 14 -3 -1 5 -15 3 -1 -9 9 -3 4 16 13 14
-2 1 -4 -3 10 5 3 -4 -5 4 0 -5 7 2 0 1 0
-14 -1 0 -1 5 30 25 2 -2 29 17 -22 13 -1 -20 -3 -8
-10 -5 -3 5 3 25 30 -6 2 26 12 -17 11 -1 -13 3 3
-9 0 9 -15 -4 2 -6 30 -2 5 15 -12 -5 -7 -25 -19 -24
-5 -7 5 3 -5 -2 2 -2 12 1 3 -1 -8 -7 -5 -1 2
-17 -2 4 -1 4 29 26 5 1 36 15 -28 7 -3 -19 -3 -11
-18 -8 5 -9 0 17 12 15 3 15 28 -13 8 -12 -40 -17 -16
15 1 -8 9 -5 -22 -17 -12 -1 -28 -13 32 -3 4 18 8 15
-4 1 -6 -3 7 13 11 -5 -8 7 8 -3 20 2 -10 -1 0
8 8 -5 4 2 -1 -1 -7 -7 -3 -12 4 2 14 22 10 8
26 13 -8 16 0 -20 -13 -25 -5 -19 -40 18 -10 22 62 28 27
11 4 -7 13 1 -3 3 -19 -1 -3 -17 8 -1 10 28 18 18
13 0 -8 14 0 -8 3 -24 2 -11 -16 15 0 8 27 18 26
