2 -1 0 0 0 0 0 -1 0 1 0 0 0 0 1 0 0
-1 52 -5 23 -24 3 -7 -33 -49 -21 23 24 36 10 34 -4 -6
0 -5 4 1 2 2 0 4 5 2 -1 -1 -1 0 0 0 0
0 23 1 22 -5 12 -6 -12 -17 -13 9 12 29 14 26 -7 -1
0 -24 2 -5 20 8 0 21 28 5 -10 -8 -9 2 -11 -7 6
0 3 2 12 8 20 -5 7 8 -6 3 9 18 16 12 -12 4
0 -7 0 -6 0 -5 6 4 6 6 -3 -4 -8 -4 -7 4 -1
-1 -33 4 -12 21 7 4 30 37 10 -13 -10 -17 0 -20 -3 5
0 -49 5 -17 28 8 6 37 56 18 -21 -17 -25 0 -26 -5 9
1 -21 2 -13 5 -6 6 10 18 14 -7 -10 -20 -8 -17 4 1
0 23 -1 9 -10 3 -3 -13 -21 -7 16 15 14 3 15 -6 -2
0 24 -1 12 -8 9 -4 -10 -17 -10 15 20 21 9 20 -10 -1
0 36 -1 29 -9 18 -8 -17 -25 -20 14 21 44 22 38 -11 -1
0 10 0 14 2 16 -4 0 0 -8 3 9 22 18 15 -7 1
1 34 0 26 -11 12 -7 -20 -26 -17 15 20 38 15 38 -11 -1
0 -4 0 -7 -7 -12 4 -3 -5 4 -6 -10 -11 -7 -11 16 -5
0 -6 0 -1 6 4 -1 5 9 1 -2 -1 -1 1 -1 -5 4
