2 0 1 0 1 -1 -3 1 -1 -1 0 0 0 -1 -1 0 0
0 2 0 1 -1 0 1 -1 1 -1 0 -1 0 1 0 0 0
1 0 6 -4 -2 -1 -2 3 0 -9 2 7 -2 -10 -3 8 -3
0 1 -4 12 -1 -5 2 -5 5 -1 -3 2 0 12 8 0 -5
1 -1 -2 -1 14 -4 -11 2 -10 11 0 -16 13 3 4 -16 9
-1 0 -1 -5 -4 12 7 -2 1 7 -5 -4 -6 -2 -7 1 6
-3 1 -2 2 -11 7 18 -6 9 2 1 7 -10 5 3 12 -5
1 -1 3 -5 2 -2 -6 6 -2 -4 2 0 3 -6 -4 -4 -1
-1 1 0 5 -10 1 9 -2 14 -10 -4 11 -9 3 2 10 -13
-1 -1 -9 -1 11 7 2 -4 -10 30 -1 -24 9 14 3 -20 18
0 0 2 -3 0 -5 1 2 -4 -1 12 4 3 -2 3 3 -1
0 -1 7 2 -16 -4 7 0 11 -24 4 34 -16 -9 -3 29 -16
0 0 -2 0 13 -6 -10 3 -9 9 3 -16 18 6 6 -19 10
-1 1 -10 12 3 -2 5 -6 3 14 -2 -9 6 26 10 -14 2
-1 0 -3 8 4 -7 3 -4 2 3 3 -3 6 10 16 0 -5
0 0 8 0 -16 1 12 -4 10 -20 3 29 -19 -14 0 38 -12
0 0 -3 -5 9 6 -5 -1 -13 18 -1 -16 10 2 -5 -12 26
