6 -8 -12 2 4 2 4 14 -17 -6 13 -5 3 7 0 3 -1
-8 22 29 -6 -1 -1 -20 -35 41 12 -30 8 -8 -17 4 -12 8
-12 29 54 -9 -9 -9 -25 -57 67 20 -51 11 -15 -29 5 -18 8
2 -6 -9 8 -1 2 8 9 -12 -3 12 -4 -1 5 -2 0 -3
4 -1 -9 -1 12 7 -5 9 -9 -5 7 -2 1 3 1 0 4
2 -1 -9 2 7 10 -3 10 -11 -3 11 -3 4 6 2 -1 3
4 -20 -25 8 -5 -3 26 30 -33 -10 24 -6 4 14 -7 11 -12
14 -35 -57 9 9 10 30 68 -77 -23 57 -16 18 33 -4 21 -11
-17 41 67 -12 -9 -11 -33 -77 94 26 -70 20 -22 -40 3 -25 11
-6 12 20 -3 -5 -3 -10 -23 26 12 -18 7 -3 -12 1 -8 5
13 -30 -51 12 7 11 24 57 -70 -18 58 -14 17 31 -4 15 -6
-5 8 11 -4 -2 -3 -6 -16 20 7 -14 10 -3 -8 -2 -3 3
3 -8 -15 -1 1 4 4 18 -22 -3 17 -3 12 10 1 7 0
7 -17 -29 5 3 6 14 33 -40 -12 31 -8 10 20 -1 11 -5
0 4 5 -2 1 2 -7 -4 3 1 -4 -2 1 -1 6 0 2
3 -12 -18 0 0 -1 11 21 -25 -8 15 -3 7 11 0 14 -6
-1 8 8 -3 4 3 -12 -11 11 5 -6 3 0 -5 2 -6 8
