2 -1 0 0 0 0 -1 -1 0 0 0 0 0 0 0 0 -1
-1 26 -6 -22 -3 -11 -7 1 -3 -1 -1 17 -16 -3 2 -7 -2
0 -6 10 3 -3 1 -1 3 5 1 1 -1 -2 -3 4 2 1
0 -22 3 36 7 9 -4 -7 2 2 13 -23 26 -4 -12 3 -4
0 -3 -3 7 8 2 -5 -2 0 1 0 -6 5 -1 -2 -5 2
0 -11 1 9 2 14 3 -9 -4 0 -1 -6 13 7 0 11 -7
-1 -7 -1 -4 -5 3 20 7 -2 -2 -7 2 0 6 2 5 6
-1 1 3 -7 -2 -9 7 16 5 2 -4 7 -13 -5 4 -10 14
0 -3 5 2 0 -4 -2 5 6 2 -1 -2 -5 -4 2 -6 5
0 -1 1 2 1 0 -2 2 2 8 -3 5 -6 -1 1 -8 2
0 -1 1 13 0 -1 -7 -4 -1 -3 18 -9 15 -8 -9 5 -5
0 17 -1 -23 -6 -6 2 7 -2 5 -9 26 -22 1 7 -7 1
0 -16 -2 26 5 13 0 -13 -5 -6 15 -22 34 1 -12 15 -10
0 -3 -3 -4 -1 7 6 -5 -4 -1 -8 1 1 12 3 10 -4
0 2 4 -12 -2 0 2 4 2 1 -9 7 -12 3 10 0 4
0 -7 2 3 -5 11 5 -10 -6 -8 5 -7 15 10 0 26 -11
-1 -2 1 -4 2 -7 6 14 5 2 -5 1 -10 -4 4 -11 16
