9 113 1 92 53 17 59 9 32 42
13 126 31 130 108 3 3 127 27 63 24 26 14 113
17
5 65 2 46 90 94
1 1
9 118 23 18 69 44 36 98 16 108
5 129 110 69 99 1
9 18 94 61 72 44 61 21 14 129
5 58 116 33 106 1
7 113 120 36 69 54 101 30
3 35 128 1
7 75 100 80 75 83 3 8
3 41 66 1
7 13 48 112 123 76 45 60
3 81 18 1
5 76 41 15 128 71
1 1
7 17 113 91 18 70 94 106
3 81 18 1
7 91 68 88 38 79 34 43
3 49 117 1
7 118 48 89 50 124 53 124
3 109 82 1
7 37 41 43 43 101 15 71
3 13 107 1
7 110 87 104 61 57 124 58
3 9 125 1
5 120 71 130 45 56
1 1
5 25 119 19 130 115
1 1
7 80 70 89 74 37 35 47
3 61 47 1
7 84 79 16 5 63 80 104
3 53 122 1
5 50 14 56 103 18
1 1
110
97050 2
71746 2
25432 2
14751 5
70372 6
112857 7
51008 9
21242 9
38330 9
92057 10
90937 12
8365 12
82836 12
58529 14
69783 15
8575 17
39441 22
9371 26
91616 27
23381 27
81589 27
26684 28
58064 29
80460 31
61073 32
46182 32
23287 32
16519 34
66092 35
19656 35
85732 35
15808 38
18601 38
30057 38
76749 39
63962 43
124638 44
117308 45
48609 46
81643 46
99082 46
29989 47
23515 48
67515 48
89184 48
58624 50
1133 51
28728 52
26010 53
120008 57
16004 58
68641 61
25278 63
50481 63
42895 63
50502 64
112141 65
79199 66
90533 67
8321 70
60674 71
259 74
17444 74
17703 74
96896 75
109849 75
55193 75
50167 76
27869 79
15506 80
39511 82
118443 83
104076 84
106033 85
18672 89
41014 90
15523 91
109545 93
46503 95
23495 96
74818 98
21940 100
118153 101
128338 102
121781 103
55148 103
68825 103
19687 105
26984 105
9615 105
41048 107
16678 107
57726 107
28490 108
119886 110
53513 111
21737 112
37125 113
110689 115
49354 115
94379 115
36985 117
120425 118
120516 120
72784 122
97557 126
8409 128
60510 129
104217 130
58730 -2
16
25432 71746 97050
21242 38330 51008
8365 82836 90937
23381 81589 91616
23287 46182 61073
19656 66092 85732
15808 18601 30057
48609 81643 99082
23515 67515 89184
25278 42895 50481
259 17444 17703
55193 96896 109849
55148 68825 121781
9615 19687 26984
16678 41048 57726
49354 94379 110689
