4.4881814639506704e+39 -1.7693442291924169e+39 4.4972896219872286e+38 5.1237931882136118e+39 5.9864620380301344e+39 1.3658112841575252e+39 -9.3044633017104181e+38 5.4789771108877792e+39 2.5104811698694075e+39 -2.5402734937412538e+38 4.9236350011245362e+39 1.5408950984024059e+39 4.4722695037861177e+39 -4.0212510636148673e+38 2.2482950684742441e+39 4.2980671847967054e+39 -8.0397179290613662e+38
-1.7693442291924157e+39 -6.2149904512768347e+39 9.9496786148809329e+38 6.6234073834951748e+39 -2.5161912946772356e+39 4.3537689009014216e+39 -2.3088652315112925e+39 -2.4694324079023005e+39 5.9556628280114677e+39 3.4326283121601344e+39 -2.6721154487422781e+39 -6.4783141597179661e+38 1.1403765276460931e+38 -3.171589146659121e+39 4.1907097928285129e+39 -3.040228988840316e+39 2.0099296959955872e+39
4.4972896219872044e+38 9.9496786148809329e+38 -6.5016069271172007e+39 1.1351623337313735e+39 -3.4583154794138186e+39 1.569358994355795e+39 -3.1990462346137519e+38 -2.5108791169153193e+39 1.5003787916836317e+39 -2.7828356856617027e+39 -6.3905717078684987e+39 -3.0968149000962303e+39 2.4620005031978984e+37 -3.8302293223571507e+39 -8.7329862302802839e+38 5.1761614483996144e+38 1.6513395521902701e+39
5.1237931882136118e+39 6.6234073834951821e+39 1.1351623337313748e+39 2.3386412365166686e+39 1.0071420736389389e+39 3.9726452828764937e+39 2.8813940609021786e+38 -1.7173799236198435e+39 -2.702612018744993e+39 4.6303532003504714e+39 -3.8433045879019541e+38 1.7915358749031452e+39 1.5388753331497201e+39 1.8996648464273299e+39 1.3661547209480614e+39 -1.309541026835817e+39 4.9806628289038545e+39
5.9864620380301319e+39 -2.516191294677238e+39 -3.458315479413821e+39 1.0071420736389365e+39 5.2899443113359557e+38 2.4539500779768938e+39 -4.307197182651273e+39 3.0972439194605185e+39 1.1203706764122562e+38 -2.5160051270401869e+39 2.9984581910240948e+39 1.5606698738705814e+39 4.0364317672561075e+39 -1.1273791322995638e+39 1.0349893383971393e+39 -1.6073904118236376e+38 -9.4902176573726162e+38
1.3658112841575245e+39 4.353768900901421e+39 1.5693589943557926e+39 3.9726452828764962e+39 2.4539500779768986e+39 3.8862327966927805e+38 7.4913194537223776e+39 1.1358719506261885e+39 7.9286662592464487e+38 7.6974520193178633e+39 3.3641630830087803e+39 -8.13453031121682e+38 1.7323788679421938e+39 -2.6360658376834522e+39 6.8094846200454304e+38 -5.5084881823188738e+38 2.5113593078081245e+39
-9.3044633017104121e+38 -2.3088652315112937e+39 -3.1990462346137519e+38 2.8813940609021544e+38 -4.3071971826512718e+39 7.4913194537223764e+39 -6.1148448572051415e+39 3.423838441724689e+39 5.6632644766752125e+39 -2.7159597759668829e+38 -1.3973102733183545e+39 2.4952972771646231e+39 2.836008452515809e+39 -1.5017529258265849e+39 -1.2933580964470637e+39 -2.8561752207458497e+39 5.8249853208515904e+39
5.4789771108877816e+39 -2.4694324079022999e+39 -2.5108791169153187e+39 -1.7173799236198447e+39 3.0972439194605161e+39 1.1358719506261885e+39 3.4238384417246902e+39 6.7487480203564147e+39 9.9559991405170132e+38 -3.7879922211882784e+39 1.0247359986748246e+39 -2.8540785960671677e+39 2.7105187832797393e+39 2.3266843460310771e+39 -3.1602922351683467e+39 1.3246400218164669e+39 -1.0768439312646674e+39
2.5104811698694075e+39 5.9556628280114677e+39 1.5003787916836293e+39 -2.7026120187449918e+39 1.1203706764122803e+38 7.9286662592464004e+38 5.6632644766752137e+39 9.9559991405170132e+38 3.4305384048789351e+39 -1.4246953474325895e+39 -7.6829304319982379e+37 -1.8657111460771594e+39 4.9154316813019431e+39 3.0694147435553998e+39 -8.8598663494682207e+38 1.1532974705274216e+39 -3.2618684387380425e+39
-2.5402734937412538e+38 3.4326283121601338e+39 -2.7828356856617063e+39 4.630353200350469e+39 -2.5160051270401857e+39 7.6974520193178609e+39 -2.7159597759668466e+38 -3.7879922211882784e+39 -1.4246953474325871e+39 -1.0893950850843859e+39 -1.4533332527635047e+39 -8.9438929881535952e+38 -3.319819949670475e+39 3.3621890330693708e+39 -1.5469604639562322e+39 -8.3516074461170639e+38 1.6297971055600456e+39
4.9236350011245362e+39 -2.6721154487422787e+39 -6.3905717078684987e+39 -3.8433045879019783e+38 2.9984581910240924e+39 3.3641630830087815e+39 -1.3973102733183515e+39 1.0247359986748222e+39 -7.6829304319979962e+37 -1.4533332527635023e+39 -4.0788327343493788e+39 -3.5428597175929355e+39 2.6944305254504458e+39 -3.028434656948792e+39 -1.5830677620759282e+39 2.3439319413488088e+39 8.1376141377566937e+38
1.540895098402412e+39 -6.4783141597179541e+38 -3.0968149000962267e+39 1.7915358749031452e+39 1.5606698738705814e+39 -8.1345303112167716e+38 2.4952972771646264e+39 -2.8540785960671665e+39 -1.8657111460771546e+39 -8.9438929881535469e+38 -3.5428597175929331e+39 5.4123518035010468e+39 -1.680942982419669e+39 -4.1096901486515585e+39 7.1026592962149092e+39 5.9746806244952901e+38 1.0247149171303441e+39
4.4722695037861153e+39 1.1403765276460931e+38 2.4620005031980193e+37 1.5388753331497249e+39 4.0364317672561075e+39 1.7323788679421932e+39 2.8360084525158102e+39 2.7105187832797417e+39 4.9154316813019383e+39 -3.3198199496704738e+39 2.6944305254504434e+39 -1.680942982419672e+39 -4.2927580026822244e+39 2.4714474507361509e+39 1.095475883759376e+39 -1.6707504470247167e+39 -3.8674626006267494e+38
-4.0212510636148915e+38 -3.171589146659121e+39 -3.8302293223571519e+39 1.8996648464273299e+39 -1.1273791322995626e+39 -2.636065837683451e+39 -1.5017529258265849e+39 2.3266843460310759e+39 3.0694147435554023e+39 3.3621890330693696e+39 -3.0284346569487896e+39 -4.1096901486515555e+39 2.4714474507361485e+39 -1.2119786810794669e+39 -3.9935137373948199e+39 2.8876788908417859e+39 3.3386416253979086e+39
2.2482950684742435e+39 4.1907097928285141e+39 -8.7329862302802869e+38 1.3661547209480614e+39 1.0349893383971387e+39 6.8094846200454304e+38 -1.2933580964470613e+39 -3.1602922351683443e+39 -8.8598663494682207e+38 -1.5469604639562297e+39 -1.5830677620759295e+39 7.1026592962149067e+39 1.0954758837593784e+39 -3.9935137373948199e+39 -2.492561889093929e+39 3.3873441137155485e+38 1.2148088131864424e+39
4.2980671847967103e+39 -3.0402289888403154e+39 5.1761614483995902e+38 -1.3095410268358183e+39 -1.6073904118236135e+38 -5.5084881823188496e+38 -2.8561752207458509e+39 1.3246400218164632e+39 1.1532974705274216e+39 -8.3516074461170639e+38 2.3439319413488088e+39 5.9746806244953143e+38 -1.6707504470247143e+39 2.8876788908417883e+39 3.3873441137155605e+38 8.732366543084063e+38 1.3124253755901044e+38
-8.0397179290613904e+38 2.0099296959955872e+39 1.6513395521902713e+39 4.9806628289038496e+39 -9.4902176573726162e+38 2.5113593078081263e+39 5.8249853208515904e+39 -1.0768439312646722e+39 -3.2618684387380413e+39 1.6297971055600474e+39 8.1376141377566816e+38 1.0247149171303429e+39 -3.8674626006267494e+38 3.3386416253979038e+39 1.2148088131864424e+39 1.3124253755900923e+38 1.2795157174923781e+39
