-24.87859816252314 -53.78844772035972 -24.829097770954419 -11.37756153835765 -38.857354973691891 47.826452293059916 44.556177727720836 -32.139016954549682 -19.3527148261051 25.570662854608532 21.578074502313601 -28.528483598420728 8.4010324496184765 -8.3374210059594027 -7.9886578858866741 -47.460915803305468 27.710353005637288
-53.78844772035972 -22.269353005068538 -39.115365744489658 -19.381567130583118 16.105741655799001 -0.63236807318694233 52.303886135458029 7.491315354625959 -2.7654147795662922 10.768757570482446 -26.650415059888964 -5.0649079130777999 6.9797166728475606 10.720516537561601 28.453861368179588 -10.966353050213719 -38.138174454093459
-24.829097770954419 -39.115365744489658 -23.85836834955294 -28.906770404918408 -27.367279135994689 48.89156605964812 26.310914685908056 18.979251343784938 -1.7350617177931573 28.476451007083256 21.333547331650543 -6.1782245596271377 -5.9026737363602102 19.676306862233066 -29.006288896377384 -42.091385780112617 38.747012621849386
-11.37756153835765 -19.381567130583118 -28.906770404918408 -23.135206699912537 0.71054318729591204 43.531236354298137 11.1634617199205 -4.9859636304072161 -3.7765360450053773 -1.0577152575149573 9.2856378044573962 19.113763762284599 10.353857022586018 23.411884755269167 -11.09217663438541 -27.793178378669605 4.2296871932201601
-38.857354973691891 16.105741655799001 -27.367279135994689 0.71054318729591204 -22.623980501654735 45.726204667787719 20.407236735901598 -13.419265993889002 -24.90348383355893 14.556787580850745 -3.9408776619869492 -50.510021029444616 -30.207864367370856 -14.898681134490459 -13.529966023299504 21.049960061716597 7.1168665937145583
47.826452293059916 -0.63236807318694233 48.89156605964812 43.531236354298137 45.726204667787719 -23.889326061194936 -11.12884997607793 -36.586648388182887 35.60858929200959 -7.9520275717232121 -31.10126212195987 21.415126610314957 16.13481788449602 9.3652646754091915 40.094968228003744 22.524997521854843 -10.614788152877679
44.556177727720836 52.303886135458029 26.310914685908056 11.1634617199205 20.407236735901598 -11.12884997607793 -21.806154103267353 -25.338031223607622 20.517168407971436 -57.175696086804983 -4.7216785157798675 19.695844930588937 -6.6862790391467364 21.472198820224303 -10.088925093156902 42.052640834447132 -7.56489407661764
-32.139016954549682 7.491315354625959 18.979251343784938 -4.9859636304072161 -13.419265993889002 -36.586648388182894 -25.338031223607608 -17.222427295249375 -57.391542657328117 -4.9554033448024768 13.333939968503199 7.9239200814558686 38.788448966550718 -36.01672785717583 -14.687119822515029 15.924767222451866 24.032796887459128
-19.3527148261051 -2.7654147795662922 -1.7350617177931573 -3.7765360450053773 -24.90348383355893 35.608589292009604 20.517168407971443 -57.391542657328138 -21.316164260132354 -21.0542587287127 3.0644305978659627 -47.054174545470424 -10.656272901778486 -20.494449891148491 -4.7043446408138827 -6.9952163526694875 26.56113199157539
25.570662854608532 10.768757570482446 28.476451007083256 -1.0577152575149573 14.556787580850745 -7.9520275717232405 -57.175696086804976 -4.9554033448024928 -21.054258728712625 -18.004916478846717 -7.3443479281822874 52.165932102743547 19.382798297830817 2.88088007853748 11.89005523209374 15.11851415103374 -3.4285352641627842
21.578074502313601 -26.650415059888964 21.333547331650543 9.2856378044573962 -3.9408776619869492 -31.101262121959877 -4.7216785157798746 13.3339399685032 3.064430597865984 -7.344347928182323 -20.859405048484518 4.4210785307879732 -10.613341772932813 0.18595939166528341 37.236058511917115 -15.00479513069917 -39.634381694259574
-28.528483598420728 -5.0649079130777999 -6.1782245596271377 19.113763762284599 -50.510021029444616 21.4151266103149 19.695844930588887 7.923920081455897 -47.054174545470381 52.165932102743646 4.4210785307880798 -23.863924883991096 25.362316927863297 -13.384154332984236 -20.800659437880725 -33.341908027346506 15.036319436638227
8.4010324496184765 6.9797166728475606 -5.9026737363602102 10.353857022586018 -30.207864367370856 16.13481788449602 -6.6862790391467506 38.788448966550725 -10.656272901778483 19.382798297830817 -10.61334177293282 25.362316927863262 -15.22400530323349 -12.366313514870798 -29.854415934500999 8.8461182368555527 22.983358596950019
-8.3374210059594027 10.720516537561601 19.676306862233066 23.411884755269167 -14.898681134490459 9.3652646754092057 21.47219882022431 -36.016727857175844 -20.494449891148477 2.8808800785374373 0.18595939166525499 -13.384154332984243 -12.36631351487082 -24.582639094800264 -3.5676819055618512 29.926654246244809 -20.477919165575912
-7.9886578858866741 28.453861368179588 -29.006288896377384 -11.09217663438541 -13.529966023299504 40.094968228003722 -10.088925093156952 -14.687119822515065 -4.7043446408138614 11.890055232093655 37.236058511917115 -20.800659437880725 -29.854415934500985 -3.5676819055618583 -21.665885668889622 0.7676907885990083 19.234090141421763
-47.460915803305468 -10.966353050213719 -42.091385780112617 -27.793178378669605 21.049960061716597 22.524997521854843 42.052640834447125 15.924767222451848 -6.9952163526694813 15.118514151033697 -15.004795130699129 -33.341908027346605 8.8461182368555491 29.926654246244816 0.76769078859902251 -12.43497082148447 15.40028496236129
27.710353005637288 -38.138174454093459 38.747012621849386 4.2296871932201601 7.1168665937145583 -10.614788152877679 -7.56489407661764 24.032796887459135 26.56113199157539 -3.4285352641627913 -39.634381694259595 15.036319436638198 22.983358596950019 -20.477919165575912 19.234090141421806 15.40028496236129 -23.040180604681936
