46.360130216297897 -18.169083530949202 10.790266418456101 6.43212055634761 -3.23799078428137 12.207088103649401 8.9368135383103198 -14.329334859844421 16.266649363305419 -10.048701334801986 3.768392407608335 7.0908805909897898 -9.4086496450867898 9.4722610887458494 9.8210242088185495 -11.841551613894953 9.9006709109320195
-18.169083530949202 48.969375373752499 -21.305683649784399 16.2377970588274 16.105741655799001 -18.442050167892202 16.6845219460475 -10.3183667400793 -2.7654147795662993 -7.0409245242228131 -8.8407329651837046 -5.0649079130777999 -10.829965421857699 10.720516537561601 10.6441792734743 24.653011139196799 -20.3284923593882
10.790266418456101 -21.305683649784399 47.380360029268097 6.7125937844921104 8.2520850534158292 13.2722018702376 8.5012325912027897 1.1695692490796699 -1.7350617177931502 -7.1429131823272636 -14.285816857759976 11.6314575350781 11.907008358345049 1.8666247675278 6.6130752930331198 -6.472021590702095 3.1276484324388698
6.43212055634761 16.2377970588274 6.7125937844921104 48.1035216789085 0.71054318729591204 7.9118721648876198 11.1634617199205 -22.795645725112482 -3.7765360450053702 -1.0577152575149715 -8.524044290247863 19.113763762284599 10.353857022586018 5.6022026605638997 6.7175054603198499 7.8261858107409195 -13.579994901485099
-3.23799078428137 16.105741655799001 8.2520850534158292 0.71054318729591204 48.614747877166302 10.106840478377199 20.407236735901598 -13.419265993889002 10.715880355851587 -21.062576608559773 -21.750559756692216 -14.890656840034101 -12.398182272665597 2.9110009602148001 22.089398166111 21.049960061716597 -10.692815500990701
12.207088103649401 -18.442050167892202 13.2722018702376 7.9118721648876198 10.106840478377199 47.349402317626101 6.6808321186273298 -18.776966293477628 17.798907197304338 9.8576545229820471 -13.291580027254611 3.6054445156096899 -1.6748642102092397 -8.4444174192960606 4.4756040385932199 -13.094366667555683 7.1948939418275799
8.9368135383103198 16.6845219460475 8.5012325912027897 11.1634617199205 20.407236735901598 6.6808321186273298 49.432574275553698 -7.5283491289023496 20.51716840797145 -21.55633189739445 -22.531360610485134 1.88616283588367 -6.6862790391467506 3.6625167255190498 7.7207570015483702 6.4332766450366119 -7.56489407661764
-14.329334859844421 -10.3183667400793 1.1695692490796699 -22.795645725112482 -13.419265993889002 -18.776966293477628 -7.5283491289023496 54.016301083571662 -21.772178467917595 12.854278749902775 -4.4757421262020607 7.923920081455897 20.978766871845458 -18.207045762470578 -14.687119822515051 -1.8849148722534075 6.2231147927538695
16.266649363305419 -2.7654147795662993 -1.7350617177931502 -3.7765360450053702 10.715880355851587 17.798907197304338 20.51716840797145 -21.772178467917591 49.922564118688726 -21.054258728712643 3.0644305978659627 -11.434810356059963 -28.465954996483745 -2.684767796443202 13.105337453891412 -6.9952163526694591 8.7514498968701311
-10.048701334801986 -7.0409245242228131 -7.1429131823272636 -1.0577152575149715 -21.062576608559773 9.8576545229820471 -21.55633189739445 12.854278749902774 -21.054258728712639 53.233811899974292 10.465334166522965 16.546567913333014 19.38279829783081 -14.928802016167786 -5.9196268626115343 -2.6911679436715552 -3.4285352641627842
3.768392407608335 -8.8407329651837046 -14.285816857759976 -8.524044290247863 -21.750559756692216 -13.291580027254611 -22.531360610485134 -4.475742126202066 3.0644305978659769 10.465334166522936 50.379323330336518 4.4210785307879874 -10.61334177293282 0.1859593916652692 1.6166943225065911 -15.00479513069917 -4.0150175048490695
7.0908805909897898 -5.0649079130777999 11.6314575350781 19.113763762284599 -14.890656840034101 3.6054445156096899 1.88616283588367 7.923920081455897 -11.434810356059963 16.546567913333014 4.4210785307879874 47.374803494830097 7.5526348331579953 -13.3841543329843 -2.9909773431755502 -15.532225932641364 -2.7733626580670898
-9.4086496450867898 -10.829965421857699 11.907008358345049 10.353857022586018 -12.398182272665597 -1.6748642102092397 -6.6862790391467506 20.978766871845458 -28.465954996483749 19.382798297830817 -10.613341772932813 7.5526348331579953 56.014723075587561 -12.366313514870798 -12.04473383979574 8.8461182368555527 5.1736765022447688
9.4722610887458494 10.720516537561601 1.8666247675278 5.6022026605638997 2.9110009602148001 -8.4444174192960606 3.6625167255190498 -18.207045762470578 -2.684767796443202 -14.928802016167786 0.1859593916652692 -13.3841543329843 -12.366313514870798 46.656089284020801 -3.5676819055618298 12.116972151539565 -2.66823707087064
9.8210242088185495 10.6441792734743 6.6130752930331198 6.7175054603198499 22.089398166111 4.4756040385932199 7.7207570015483702 -14.687119822515051 13.105337453891412 -5.9196268626115343 1.6166943225065911 -2.9909773431755502 -12.04473383979574 -3.5676819055618298 49.5728427099315 18.577372883304289 1.4244080467165601
-11.841551613894953 24.653011139196799 -6.472021590702095 7.8261858107409195 21.049960061716597 -13.094366667555683 6.4332766450366119 -1.8849148722534039 -6.99521635266946 -2.6911679436715339 -15.004795130699122 -15.532225932641364 8.8461182368555491 12.116972151539565 18.577372883304289 58.803757557336596 -2.409397132343968
9.9006709109320195 -20.3284923593882 3.1276484324388698 -13.579994901485099 -10.692815500990701 7.1948939418275799 -7.56489407661764 6.2231147927538695 8.7514498968701311 -3.4285352641627842 -4.0150175048490695 -2.7733626580670898 5.1736765022447688 -2.66823707087064 1.4244080467165601 -2.409397132343968 48.198547774139101
