71.238728378821037 35.619364189410518 35.619364189410518 17.809682094705259 35.619364189410518 -35.619364189410518 -35.619364189410518 17.809682094705259 35.619364189410518 -35.619364189410518 -17.809682094705266 35.619364189410518 -17.809682094705266 17.809682094705252 17.809682094705224 35.619364189410518 -17.809682094705266
35.619364189410518 71.238728378821037 17.809682094705259 35.619364189410518 0 -17.809682094705259 -35.619364189410526 -17.809682094705259 -7.1054273576010019e-15 -17.809682094705259 17.809682094705259 0 -17.809682094705259 0 -17.809682094705288 35.619364189410518 17.809682094705259
35.619364189410518 17.809682094705259 71.238728378821037 35.619364189410518 35.619364189410518 -35.619364189410518 -17.809682094705266 -17.809682094705266 7.1054273576010019e-15 -35.619364189410518 -35.619364189410518 17.809682094705238 17.809682094705259 -17.809682094705266 35.619364189410504 35.619364189410518 -35.619364189410518
17.809682094705259 35.619364189410518 35.619364189410518 71.238728378821037 0 -35.619364189410518 0 -17.809682094705266 7.1054273576010019e-15 -1.4210854715202004e-14 -17.809682094705259 0 0 -17.809682094705266 17.809682094705259 35.619364189410526 -17.809682094705259
35.619364189410518 0 35.619364189410518 0 71.238728378821037 -35.619364189410518 0 0 35.619364189410518 -35.619364189410518 -17.809682094705266 35.619364189410518 17.809682094705259 17.809682094705259 35.619364189410504 0 -17.809682094705259
-35.619364189410518 -17.809682094705259 -35.619364189410518 -35.619364189410518 -35.619364189410518 71.238728378821037 17.809682094705259 17.809682094705259 -17.809682094705252 17.809682094705259 17.809682094705259 -17.809682094705266 -17.809682094705259 -17.809682094705252 -35.619364189410526 -35.619364189410526 17.809682094705259
-35.619364189410518 -35.619364189410526 -17.809682094705266 0 0 17.809682094705259 71.238728378821051 17.809682094705273 1.4210854715202004e-14 35.619364189410533 -17.809682094705266 -17.809682094705266 -1.4210854715202004e-14 -17.809682094705252 17.809682094705273 -35.619364189410518 0
17.809682094705259 -17.809682094705259 -17.809682094705266 -17.809682094705266 0 17.809682094705266 17.809682094705259 71.238728378821037 35.619364189410518 17.809682094705252 -17.809682094705259 2.8421709430404007e-14 -17.809682094705259 17.809682094705252 -2.1316282072803006e-14 -17.809682094705273 -17.809682094705259
35.619364189410518 -7.1054273576010019e-15 7.1054273576010019e-15 7.1054273576010019e-15 35.619364189410518 -17.809682094705266 7.1054273576010019e-15 35.619364189410547 71.238728378821079 5.6843418860808015e-14 0 35.619364189410462 -17.809682094705259 17.809682094705288 17.809682094705295 2.8421709430404007e-14 -17.809682094705259
-35.619364189410518 -17.809682094705259 -35.619364189410518 -1.4210854715202004e-14 -35.619364189410518 17.809682094705288 35.619364189410526 17.809682094705266 -1.4210854715202004e-14 71.238728378821008 17.809682094705252 -35.619364189410533 -7.1054273576010019e-15 -17.809682094705266 -17.809682094705273 -17.809682094705295 0
-17.809682094705266 17.809682094705259 -35.619364189410518 -17.809682094705259 -17.809682094705266 17.809682094705266 -17.809682094705259 -17.809682094705266 -7.1054273576010019e-15 17.809682094705259 71.238728378821037 1.4210854715202004e-14 -7.1054273576010019e-15 -1.4210854715202004e-14 -35.619364189410526 0 35.619364189410504
35.619364189410518 0 17.809682094705238 0 35.619364189410518 -17.809682094705209 -17.809682094705217 0 35.619364189410419 -35.619364189410632 -9.2370555648813024e-14 71.238728378821193 -17.809682094705302 -6.3948846218409017e-14 17.809682094705174 17.809682094705138 -17.809682094705316
-17.809682094705266 -17.809682094705259 17.809682094705259 0 17.809682094705259 -17.809682094705259 0 -17.809682094705266 -17.809682094705266 0 7.1054273576010019e-15 -17.809682094705266 71.238728378821051 0 17.809682094705259 0 -17.809682094705252
17.809682094705252 0 -17.809682094705266 -17.809682094705266 17.809682094705259 -17.809682094705266 -17.809682094705259 17.809682094705266 17.809682094705273 -17.809682094705224 1.4210854715202004e-14 -5.6843418860808015e-14 2.1316282072803006e-14 71.238728378821065 2.1316282072803006e-14 -17.809682094705245 17.809682094705273
17.809682094705224 -17.809682094705288 35.619364189410504 17.809682094705259 35.619364189410504 -35.619364189410504 17.809682094705323 1.4210854715202004e-14 17.809682094705273 -17.809682094705188 -35.619364189410526 17.809682094705174 17.809682094705245 2.8421709430404007e-14 71.238728378821122 17.809682094705281 -17.809682094705202
35.619364189410518 35.619364189410518 35.619364189410518 35.619364189410526 0 -35.619364189410526 -35.619364189410511 -17.809682094705252 2.1316282072803006e-14 -17.809682094705231 7.1054273576010019e-15 17.809682094705238 0 -17.809682094705252 17.809682094705266 71.238728378821065 -17.809682094705259
-17.809682094705266 17.809682094705259 -35.619364189410518 -17.809682094705259 -17.809682094705259 17.809682094705259 0 -17.809682094705266 -17.809682094705259 7.1054273576010019e-15 35.619364189410526 -17.809682094705288 -17.809682094705252 17.809682094705273 -17.809682094705245 -17.809682094705259 71.238728378821037
