RATIONAL_NAGAO_LOCAL_TABLE_V1
F CURVE302_DET1092_MW17 8 12
B D 8
P 149
1 -20 671670645093
1 0 0
1 -6 201501193528
1 -18 604503580584
1 -21 705254177348
1 -4 134334129019
1 -22 738837709603
1 -7 235084725783
1 -21 705254177348
1 -6 201501193528
1 -22 738837709603
1 0 0
1 1 -33583532255
1 -18 604503580584
1 -10 335835322547
1 -12 403002387056
1 -1 33583532255
1 -15 503752983820
1 -10 335835322547
1 -15 503752983820
1 -21 705254177348
1 -10 335835322547
1 -15 503752983820
1 -14 470169451565
1 -22 738837709603
1 -16 537336516075
1 -4 134334129019
1 -10 335835322547
1 -17 570920048329
1 -4 134334129019
1 -15 503752983820
1 -15 503752983820
1 -18 604503580584
1 0 0
1 -22 738837709603
1 -20 671670645093
1 -19 638087112839
1 -6 201501193528
1 -18 604503580584
1 -20 671670645093
1 -15 503752983820
1 -15 503752983820
1 -18 604503580584
1 -15 503752983820
1 -18 604503580584
1 -24 806004774112
1 -21 705254177348
1 -20 671670645093
1 -6 201501193528
1 -9 302251790292
1 -6 201501193528
1 -17 570920048329
1 -9 302251790292
1 12 -403002387056
1 -20 671670645093
1 -18 604503580584
1 -22 738837709603
1 -1 33583532255
1 -15 503752983820
1 -22 738837709603
1 -21 705254177348
1 -24 806004774112
1 -15 503752983820
1 -24 806004774112
1 -24 806004774112
1 -11 369418854801
1 -12 403002387056
1 -11 369418854801
1 -18 604503580584
1 -10 335835322547
1 -10 335835322547
1 -12 403002387056
1 -19 638087112839
1 -21 705254177348
1 -3 100750596764
1 -22 738837709603
1 -20 671670645093
1 -16 537336516075
1 -21 705254177348
1 -19 638087112839
1 -22 738837709603
1 -22 738837709603
1 -11 369418854801
1 -21 705254177348
1 -1 33583532255
1 -18 604503580584
1 -18 604503580584
1 -15 503752983820
1 -15 503752983820
1 -14 470169451565
1 1 -33583532255
1 -18 604503580584
1 -20 671670645093
1 -14 470169451565
1 -6 201501193528
1 -13 436585919311
1 -19 638087112839
1 -5 167917661273
1 -24 806004774112
1 -16 537336516075
1 -14 470169451565
1 -14 470169451565
1 -4 134334129019
1 -24 806004774112
1 -18 604503580584
1 -15 503752983820
1 -6 201501193528
1 -3 100750596764
1 -21 705254177348
1 -19 638087112839
1 -18 604503580584
1 -5 167917661273
1 -21 705254177348
1 -20 671670645093
1 -8 268668258037
1 -10 335835322547
1 -15 503752983820
1 -18 604503580584
1 -6 201501193528
1 -21 705254177348
1 -5 167917661273
1 -21 705254177348
1 -6 201501193528
1 -22 738837709603
1 -15 503752983820
1 -18 604503580584
1 -18 604503580584
1 -7 235084725783
1 -22 738837709603
1 -10 335835322547
1 -10 335835322547
1 -6 201501193528
1 -18 604503580584
1 -24 806004774112
1 -18 604503580584
1 -18 604503580584
1 -9 302251790292
1 -8 268668258037
1 -8 268668258037
1 -21 705254177348
1 -24 806004774112
1 -18 604503580584
1 6 -201501193528
1 -20 671670645093
1 -20 671670645093
1 -20 671670645093
1 -21 705254177348
1 -12 403002387056
1 -17 570920048329
1 -10 335835322547
P 151
1 -17 564859319377
1 -14 465178263016
1 -21 697767394524
1 -5 166135093934
1 -20 664540375737
1 0 0
1 -9 299043169082
1 -12 398724225442
1 -23 764221432098
1 -11 365497206655
1 -16 531632300590
1 -24 797448450884
1 -20 664540375737
1 -6 199362112721
1 -2 66454037574
1 -18 598086338163
1 -22 730994413311
1 -8 265816150295
1 -2 66454037574
1 -23 764221432098
1 -22 730994413311
1 -10 332270187869
1 -16 531632300590
1 -16 531632300590
1 -24 797448450884
1 -22 730994413311
1 -16 531632300590
1 -16 531632300590
1 -8 265816150295
1 -23 764221432098
1 -22 730994413311
1 -4 132908075147
1 -12 398724225442
1 -20 664540375737
1 -22 730994413311
1 -15 498405281803
1 -17 564859319377
1 -24 797448450884
1 -13 431951244229
1 -9 299043169082
1 -18 598086338163
1 -24 797448450884
1 -23 764221432098
1 -13 431951244229
1 -14 465178263016
1 -8 265816150295
1 -23 764221432098
1 -16 531632300590
1 -20 664540375737
1 -8 265816150295
1 -9 299043169082
1 1 -33227018787
1 -19 631313356950
1 -19 631313356950
1 -19 631313356950
1 -20 664540375737
1 16 -531632300590
1 -21 697767394524
1 -8 265816150295
1 -22 730994413311
1 -19 631313356950
1 -16 531632300590
1 -20 664540375737
1 -2 66454037574
1 5 -166135093934
1 10 -332270187869
1 -15 498405281803
1 -8 265816150295
1 -23 764221432098
1 -7 232589131508
1 -8 265816150295
1 -15 498405281803
1 -19 631313356950
1 -16 531632300590
1 -9 299043169082
1 -16 531632300590
1 -20 664540375737
1 -11 365497206655
1 -16 531632300590
1 -22 730994413311
1 -24 797448450884
1 -20 664540375737
1 -13 431951244229
1 -22 730994413311
1 -16 531632300590
1 -9 299043169082
1 3 -99681056361
1 -14 465178263016
1 -20 664540375737
1 -23 764221432098
1 -4 132908075147
1 -8 265816150295
1 -23 764221432098
1 -10 332270187869
1 -8 265816150295
1 -16 531632300590
1 -20 664540375737
1 -17 564859319377
1 -16 531632300590
1 -5 166135093934
1 -19 631313356950
1 1 -33227018787
1 -23 764221432098
1 -10 332270187869
1 -4 132908075147
1 -22 730994413311
1 -8 265816150295
1 -12 398724225442
1 -20 664540375737
1 -12 398724225442
1 -17 564859319377
1 -4 132908075147
1 -18 598086338163
1 -2 66454037574
1 -9 299043169082
1 -23 764221432098
1 -17 564859319377
1 -15 498405281803
1 -5 166135093934
1 -18 598086338163
1 -19 631313356950
1 -16 531632300590
1 -22 730994413311
1 -19 631313356950
1 -22 730994413311
1 -10 332270187869
1 -19 631313356950
1 -16 531632300590
1 -23 764221432098
1 -20 664540375737
1 -13 431951244229
1 -24 797448450884
1 -8 265816150295
1 -10 332270187869
1 -2 66454037574
1 -17 564859319377
1 -24 797448450884
1 -17 564859319377
1 -9 299043169082
1 -12 398724225442
1 -22 730994413311
1 -23 764221432098
1 -4 132908075147
1 -16 531632300590
1 -24 797448450884
1 -18 598086338163
1 -12 398724225442
1 -7 232589131508
1 -6 199362112721
1 -10 332270187869
1 -18 598086338163
1 -10 332270187869
P 163
1 -21 656250025871
1 -20 625000024639
1 -20 625000024639
1 -24 750000029567
1 -24 750000029567
1 -22 687500027103
1 -21 656250025871
1 -25 781250030799
1 -12 375000014783
1 -21 656250025871
1 -22 687500027103
1 -15 468750018479
1 -18 562500022175
1 -4 125000004928
1 -8 250000009856
1 -19 593750023407
1 -22 687500027103
1 -16 500000019711
1 -12 375000014783
1 -16 500000019711
1 -16 500000019711
1 -11 343750013551
1 -19 593750023407
1 -1 31250001232
1 -21 656250025871
1 11 -343750013551
1 -12 375000014783
1 -20 625000024639
1 -14 437500017247
1 -12 375000014783
1 -16 500000019711
1 6 -187500007392
1 -22 687500027103
1 -24 750000029567
1 -21 656250025871
1 -24 750000029567
1 -20 625000024639
1 4 -125000004928
1 -22 687500027103
1 -18 562500022175
1 -20 625000024639
1 -11 343750013551
1 -18 562500022175
1 -20 625000024639
1 -24 750000029567
1 -24 750000029567
1 -22 687500027103
1 -16 500000019711
1 -22 687500027103
1 -24 750000029567
1 -18 562500022175
1 -22 687500027103
1 -21 656250025871
1 -16 500000019711
1 -25 781250030799
1 -20 625000024639
1 -19 593750023407
1 -4 125000004928
1 -10 312500012319
1 -21 656250025871
1 -23 718750028335
1 -22 687500027103
1 -20 625000024639
1 -2 62500002464
1 6 -187500007392
1 -16 500000019711
1 -7 218750008624
1 -6 187500007392
1 -22 687500027103
1 -12 375000014783
1 -17 531250020943
0 0 0
1 -20 625000024639
1 -17 531250020943
1 -19 593750023407
1 -5 156250006160
1 -14 437500017247
1 -19 593750023407
1 -16 500000019711
1 -21 656250025871
1 -17 531250020943
1 -16 500000019711
1 -17 531250020943
1 -15 468750018479
1 -22 687500027103
1 10 -312500012319
1 -16 500000019711
1 13 -406250016015
1 -11 343750013551
1 -22 687500027103
1 -5 156250006160
1 -12 375000014783
1 -6 187500007392
1 -20 625000024639
1 -22 687500027103
1 -24 750000029567
1 -20 625000024639
1 2 -62500002464
1 -11 343750013551
1 -19 593750023407
1 -13 406250016015
1 -20 625000024639
1 -14 437500017247
1 -22 687500027103
1 -18 562500022175
1 -19 593750023407
1 -19 593750023407
1 -25 781250030799
1 -6 187500007392
1 -12 375000014783
1 -22 687500027103
1 -18 562500022175
1 -25 781250030799
1 -17 531250020943
1 -22 687500027103
1 -8 250000009856
1 2 -62500002464
1 -12 375000014783
1 -20 625000024639
1 -13 406250016015
1 -23 718750028335
1 6 -187500007392
1 -24 750000029567
0 0 0
1 -7 218750008624
1 15 -468750018479
1 -16 500000019711
1 -11 343750013551
1 -4 125000004928
1 -20 625000024639
1 -21 656250025871
1 -16 500000019711
1 -16 500000019711
1 -20 625000024639
0 0 0
1 -15 468750018479
1 -8 250000009856
1 -17 531250020943
1 -13 406250016015
1 -6 187500007392
1 -20 625000024639
1 -2 62500002464
1 -17 531250020943
1 -25 781250030799
1 -16 500000019711
1 -20 625000024639
1 6 -187500007392
1 -4 125000004928
1 -16 500000019711
1 -15 468750018479
1 -21 656250025871
1 -24 750000029567
1 -16 500000019711
1 9 -281250011087
1 -16 500000019711
1 -14 437500017247
1 -20 625000024639
1 -1 31250001232
1 -20 625000024639
1 -16 500000019711
1 -14 437500017247
1 -16 500000019711
1 -20 625000024639
1 -1 31250001232
P 173
1 -23 685119691754
1 -13 387241564904
1 -19 565968441014
1 -19 565968441014
1 -1 29787812685
1 -13 387241564904
1 -22 655331879069
1 -24 714907504439
1 -18 536180628329
1 -12 357453752219
1 -24 714907504439
1 -14 417029377589
1 -22 655331879069
1 -24 714907504439
1 -16 476605002959
1 6 -178726876110
1 -9 268090314165
0 0 0
1 -22 655331879069
1 -19 565968441014
1 -24 714907504439
1 -25 744695317124
1 -14 417029377589
1 -9 268090314165
1 -26 774483129809
1 -18 536180628329
1 -6 178726876110
1 -21 625544066384
1 -19 565968441014
1 -3 89363438055
1 0 0
1 -14 417029377589
1 -22 655331879069
1 -25 744695317124
1 -6 178726876110
1 -21 625544066384
1 -20 595756253699
1 -20 595756253699
1 -14 417029377589
1 -9 268090314165
1 -18 536180628329
1 -14 417029377589
1 -25 744695317124
1 -21 625544066384
1 6 -178726876110
1 0 0
1 -18 536180628329
1 -17 506392815644
1 -13 387241564904
1 -16 476605002959
1 -12 357453752219
1 -24 714907504439
1 -16 476605002959
1 -8 238302501480
1 -13 387241564904
1 -3 89363438055
1 -21 625544066384
1 -14 417029377589
1 0 0
1 -14 417029377589
1 -24 714907504439
1 -16 476605002959
1 -22 655331879069
1 -19 565968441014
1 -19 565968441014
1 -5 148939063425
1 -18 536180628329
1 -24 714907504439
1 -21 625544066384
1 -24 714907504439
1 -21 625544066384
1 -21 625544066384
1 -20 595756253699
1 -22 655331879069
1 -14 417029377589
1 -21 625544066384
1 -24 714907504439
1 -21 625544066384
1 2 -59575625370
1 -4 119151250740
1 -8 238302501480
1 -16 476605002959
1 -21 625544066384
1 -10 297878126850
1 -11 327665939535
1 -26 774483129809
1 -18 536180628329
1 -14 417029377589
1 -11 327665939535
1 -17 506392815644
1 -25 744695317124
1 -16 476605002959
1 -13 387241564904
1 -7 208514688795
1 -12 357453752219
1 -16 476605002959
1 -16 476605002959
1 -16 476605002959
1 -20 595756253699
1 -16 476605002959
1 -18 536180628329
1 -16 476605002959
1 -6 178726876110
1 -6 178726876110
1 -8 238302501480
1 -19 565968441014
1 -18 536180628329
1 -19 565968441014
1 -15 446817190274
1 -14 417029377589
1 -25 744695317124
1 -14 417029377589
1 -14 417029377589
1 -21 625544066384
1 -11 327665939535
1 -17 506392815644
1 -18 536180628329
1 -26 774483129809
1 -19 565968441014
1 -12 357453752219
1 -26 774483129809
1 -17 506392815644
1 -24 714907504439
1 -12 357453752219
1 4 -119151250740
1 0 0
1 -5 148939063425
1 -4 119151250740
1 -22 655331879069
1 -12 357453752219
1 19 -565968441014
1 -18 536180628329
1 3 -89363438055
1 -16 476605002959
1 -14 417029377589
1 -25 744695317124
1 -6 178726876110
1 -22 655331879069
1 -12 357453752219
1 -13 387241564904
1 -24 714907504439
1 -18 536180628329
1 -12 357453752219
1 -21 625544066384
1 3 -89363438055
1 -16 476605002959
1 -18 536180628329
1 8 -238302501480
1 -11 327665939535
1 -16 476605002959
1 -21 625544066384
1 -12 357453752219
1 -12 357453752219
1 -18 536180628329
1 -18 536180628329
1 -26 774483129809
1 -11 327665939535
1 -15 446817190274
1 -19 565968441014
1 -13 387241564904
1 -25 744695317124
1 -9 268090314165
1 -14 417029377589
1 -11 327665939535
1 -3 89363438055
1 -18 536180628329
1 -21 625544066384
1 -18 536180628329
1 -21 625544066384
1 -4 119151250740
1 -18 536180628329
1 2 -59575625370
1 -18 536180628329
1 -11 327665939535
P 181
1 -13 373372714953
1 -14 402093693026
1 -20 574419561466
1 -10 287209780733
1 -20 574419561466
1 -15 430814671099
1 -25 718024451832
1 -17 488256627246
1 -2 57441956147
1 -22 631861517612
1 -8 229767824586
1 -20 574419561466
1 -10 287209780733
1 -25 718024451832
1 -22 631861517612
1 -23 660582495686
1 -7 201046846513
1 -13 373372714953
1 -11 315930758806
1 -10 287209780733
1 -6 172325868440
1 0 0
1 -21 603140539539
1 -7 201046846513
1 -26 746745429906
1 -23 660582495686
1 12 -344651736880
1 -18 516977605319
1 -22 631861517612
1 -9 258488802660
1 -6 172325868440
1 -10 287209780733
1 6 -172325868440
1 -21 603140539539
1 -23 660582495686
1 -7 201046846513
1 -18 516977605319
1 8 -229767824586
1 -26 746745429906
1 -18 516977605319
1 -10 287209780733
1 -8 229767824586
1 -2 57441956147
1 -20 574419561466
1 -20 574419561466
1 -24 689303473759
1 -20 574419561466
1 -22 631861517612
1 -16 459535649173
1 -12 344651736880
1 -20 574419561466
1 -15 430814671099
1 7 -201046846513
1 -2 57441956147
1 -23 660582495686
1 -22 631861517612
1 -19 545698583393
1 -13 373372714953
1 -26 746745429906
1 -11 315930758806
1 -25 718024451832
1 -4 114883912293
1 5 -143604890366
1 -2 57441956147
1 -13 373372714953
1 -22 631861517612
1 -22 631861517612
1 -21 603140539539
1 -24 689303473759
1 -16 459535649173
1 -20 574419561466
1 -16 459535649173
1 -22 631861517612
1 -4 114883912293
1 -19 545698583393
1 -3 86162934220
1 -15 430814671099
1 -18 516977605319
1 -25 718024451832
1 -16 459535649173
1 -15 430814671099
1 -8 229767824586
1 -10 287209780733
1 -19 545698583393
1 -10 287209780733
1 -6 172325868440
1 -3 86162934220
1 -19 545698583393
1 -26 746745429906
1 -8 229767824586
1 -26 746745429906
1 -18 516977605319
1 -7 201046846513
1 -22 631861517612
1 -17 488256627246
1 -6 172325868440
1 -6 172325868440
1 -22 631861517612
1 -25 718024451832
1 -20 574419561466
1 -26 746745429906
1 -10 287209780733
1 -17 488256627246
1 -23 660582495686
1 -10 287209780733
1 -16 459535649173
1 -14 402093693026
1 -11 315930758806
1 -23 660582495686
1 -4 114883912293
1 -5 143604890366
1 -25 718024451832
1 0 0
1 -19 545698583393
1 -10 287209780733
1 -26 746745429906
1 -23 660582495686
1 -14 402093693026
1 -23 660582495686
1 -22 631861517612
1 -10 287209780733
1 -20 574419561466
1 -26 746745429906
1 -25 718024451832
1 -8 229767824586
1 -23 660582495686
1 -14 402093693026
1 -13 373372714953
1 -18 516977605319
1 -19 545698583393
1 -21 603140539539
1 2 -57441956147
1 -19 545698583393
1 -23 660582495686
1 -11 315930758806
1 -16 459535649173
1 -18 516977605319
1 -23 660582495686
1 -18 516977605319
1 -22 631861517612
1 -14 402093693026
1 -12 344651736880
1 -20 574419561466
1 -19 545698583393
1 -14 402093693026
1 -16 459535649173
1 -17 488256627246
1 -26 746745429906
1 -3 86162934220
1 -5 143604890366
1 -22 631861517612
1 -23 660582495686
1 -12 344651736880
1 -6 172325868440
1 -5 143604890366
1 -25 718024451832
1 -16 459535649173
1 -21 603140539539
1 -16 459535649173
1 -6 172325868440
1 0 0
1 7 -201046846513
1 -8 229767824586
1 -16 459535649173
1 -16 459535649173
1 -8 229767824586
1 -23 660582495686
1 -7 201046846513
1 -20 574419561466
1 -20 574419561466
1 -11 315930758806
1 -26 746745429906
1 -14 402093693026
1 -18 516977605319
1 -25 718024451832
1 -16 459535649173
1 -22 631861517612
1 -23 660582495686
1 -8 229767824586
1 -22 631861517612
1 -10 287209780733
1 -7 201046846513
P 191
1 -20 549976275188
1 -16 439981020151
1 -21 577475088948
1 -23 632472716466
1 -10 274988137594
1 -18 494978647669
1 -22 604973902707
1 3 -82496441278
1 -23 632472716466
1 -10 274988137594
1 -6 164992882556
1 -22 604973902707
1 -21 577475088948
1 -22 604973902707
1 4 -109995255038
1 -22 604973902707
1 -10 274988137594
1 -24 659971530226
1 -14 384983392632
1 -22 604973902707
1 -16 439981020151
1 -13 357484578872
1 -16 439981020151
1 -15 412482206391
1 -15 412482206391
1 -20 549976275188
1 -19 522477461429
1 4 -109995255038
1 -21 577475088948
1 -14 384983392632
1 -24 659971530226
1 -14 384983392632
1 -22 604973902707
1 -19 522477461429
1 -4 109995255038
1 -26 714969157745
1 -15 412482206391
1 -18 494978647669
1 -17 467479833910
1 -24 659971530226
1 -19 522477461429
1 -16 439981020151
1 -4 109995255038
1 -9 247489323835
1 -18 494978647669
1 -12 329985765113
1 -19 522477461429
1 -22 604973902707
1 1 -27498813759
1 3 -82496441278
1 -3 82496441278
1 -20 549976275188
1 0 0
1 -24 659971530226
1 -16 439981020151
1 -20 549976275188
1 -6 164992882556
1 0 0
1 -20 549976275188
1 -15 412482206391
1 -3 82496441278
1 -3 82496441278
1 -5 137494068797
1 -15 412482206391
1 -9 247489323835
1 -24 659971530226
1 -20 549976275188
1 -22 604973902707
1 7 -192491696316
1 -9 247489323835
1 -20 549976275188
1 -15 412482206391
1 -4 109995255038
1 -16 439981020151
1 -24 659971530226
1 -24 659971530226
1 -18 494978647669
1 -25 687470343985
1 -18 494978647669
1 -27 742467971504
1 -16 439981020151
1 -13 357484578872
1 -16 439981020151
1 -16 439981020151
1 -19 522477461429
1 -22 604973902707
1 -24 659971530226
1 -3 82496441278
1 -25 687470343985
1 -24 659971530226
1 -12 329985765113
1 -24 659971530226
1 -16 439981020151
1 -14 384983392632
1 -19 522477461429
1 -3 82496441278
1 -8 219990510075
1 -18 494978647669
1 -20 549976275188
1 -25 687470343985
1 -22 604973902707
1 -20 549976275188
1 -13 357484578872
1 -24 659971530226
1 -6 164992882556
1 -25 687470343985
1 -16 439981020151
1 -21 577475088948
1 -18 494978647669
1 -19 522477461429
1 -25 687470343985
1 -12 329985765113
1 -13 357484578872
1 -12 329985765113
1 -17 467479833910
1 -16 439981020151
1 -3 82496441278
1 -20 549976275188
1 -27 742467971504
1 -16 439981020151
1 -18 494978647669
1 -24 659971530226
1 -18 494978647669
1 -24 659971530226
1 -21 577475088948
1 -23 632472716466
1 -12 329985765113
1 -18 494978647669
1 -20 549976275188
1 -24 659971530226
1 -24 659971530226
1 -27 742467971504
1 -11 302486951353
1 -25 687470343985
1 -15 412482206391
1 -12 329985765113
1 -11 302486951353
1 -27 742467971504
1 -23 632472716466
1 -24 659971530226
1 -21 577475088948
1 -12 329985765113
1 -21 577475088948
1 -18 494978647669
1 -25 687470343985
1 -20 549976275188
1 -20 549976275188
1 -20 549976275188
1 -20 549976275188
1 -20 549976275188
1 -24 659971530226
1 -26 714969157745
1 3 -82496441278
1 -15 412482206391
1 -8 219990510075
1 -18 494978647669
1 -11 302486951353
1 -20 549976275188
1 -24 659971530226
1 -10 274988137594
1 -23 632472716466
1 -8 219990510075
1 -22 604973902707
1 -18 494978647669
1 -9 247489323835
1 -12 329985765113
1 -20 549976275188
1 -8 219990510075
1 -12 329985765113
1 -15 412482206391
1 -17 467479833910
1 -20 549976275188
1 -5 137494068797
1 -27 742467971504
1 -8 219990510075
1 -15 412482206391
1 -26 714969157745
1 -10 274988137594
1 -18 494978647669
1 5 -137494068797
1 -12 329985765113
1 -24 659971530226
1 -16 439981020151
1 -15 412482206391
1 -11 302486951353
1 -24 659971530226
1 -27 742467971504
1 0 0
1 -22 604973902707
1 -21 577475088948
1 -8 219990510075
1 0 0
P 199
1 9 -239395695591
1 -21 558589956378
1 -25 664988043307
1 18 -478791391181
1 -20 531990434646
1 -16 425592347717
1 -2 53199043465
1 -18 478791391181
1 -12 319194260787
1 8 -212796173858
1 -25 664988043307
1 -20 531990434646
1 -20 531990434646
1 -16 425592347717
1 -26 691587565039
1 -16 425592347717
1 -26 691587565039
1 -26 691587565039
1 -11 292594739055
1 -25 664988043307
1 -26 691587565039
1 -10 265995217323
1 -20 531990434646
1 -11 292594739055
1 -18 478791391181
1 -21 558589956378
1 -19 505390912913
1 -24 638388521575
1 -28 744786608504
1 -24 638388521575
1 -7 186196652126
1 -24 638388521575
1 -19 505390912913
1 -24 638388521575
1 -19 505390912913
1 -18 478791391181
1 -25 664988043307
1 -21 558589956378
1 -11 292594739055
1 -7 186196652126
1 -13 345793782520
1 -4 106398086929
1 -18 478791391181
1 4 -106398086929
1 -20 531990434646
1 -14 372393304252
1 -21 558589956378
1 -20 531990434646
1 -23 611788999843
1 -26 691587565039
1 -7 186196652126
1 -21 558589956378
1 -20 531990434646
1 -18 478791391181
1 -6 159597130394
1 -20 531990434646
1 -10 265995217323
1 -10 265995217323
1 -3 79798565197
1 -20 531990434646
1 -10 265995217323
1 -20 531990434646
1 -24 638388521575
1 -22 585189478110
1 -27 718187086772
1 -24 638388521575
1 -8 212796173858
1 -20 531990434646
1 -5 132997608661
1 -10 265995217323
1 -22 585189478110
1 16 -425592347717
1 -24 638388521575
1 -24 638388521575
1 -9 239395695591
1 -22 585189478110
1 -21 558589956378
1 -24 638388521575
1 -24 638388521575
1 -24 638388521575
1 -20 531990434646
1 -23 611788999843
1 -19 505390912913
1 -16 425592347717
1 -20 531990434646
1 -18 478791391181
1 -4 106398086929
1 -19 505390912913
1 -20 531990434646
1 -5 132997608661
1 -16 425592347717
1 -26 691587565039
1 -28 744786608504
1 -24 638388521575
1 -23 611788999843
1 -14 372393304252
1 -23 611788999843
1 -26 691587565039
1 -22 585189478110
1 -27 718187086772
1 -9 239395695591
1 -8 212796173858
1 -16 425592347717
1 -14 372393304252
1 -20 531990434646
1 -24 638388521575
1 -17 452191869449
1 -25 664988043307
1 -24 638388521575
1 -16 425592347717
1 8 -212796173858
1 -11 292594739055
1 -8 212796173858
1 -21 558589956378
1 -19 505390912913
1 -7 186196652126
1 -24 638388521575
1 -28 744786608504
1 -25 664988043307
1 -18 478791391181
1 -21 558589956378
1 -12 319194260787
1 -20 531990434646
1 -21 558589956378
1 -25 664988043307
1 -11 292594739055
1 -11 292594739055
1 -19 505390912913
1 -24 638388521575
1 -27 718187086772
1 -1 26599521732
1 -24 638388521575
1 -26 691587565039
1 -9 239395695591
1 15 -398992825984
1 -2 53199043465
1 -28 744786608504
1 -20 531990434646
1 -24 638388521575
1 -14 372393304252
1 -16 425592347717
1 -10 265995217323
1 -26 691587565039
1 -23 611788999843
1 -14 372393304252
1 3 -79798565197
1 -17 452191869449
1 -23 611788999843
1 -4 106398086929
1 -15 398992825984
1 -24 638388521575
1 2 -53199043465
1 -18 478791391181
1 -24 638388521575
1 -15 398992825984
1 -18 478791391181
1 -17 452191869449
1 -27 718187086772
1 7 -186196652126
1 20 -531990434646
1 -20 531990434646
1 -14 372393304252
1 -10 265995217323
1 -10 265995217323
1 -16 425592347717
1 -16 425592347717
1 -12 319194260787
1 -16 425592347717
1 -14 372393304252
1 -10 265995217323
1 -6 159597130394
1 -20 531990434646
1 -21 558589956378
1 -20 531990434646
1 -26 691587565039
1 -19 505390912913
1 -16 425592347717
1 -24 638388521575
1 -26 691587565039
1 -14 372393304252
1 -25 664988043307
1 -28 744786608504
1 -9 239395695591
1 4 -106398086929
1 -26 691587565039
1 -20 531990434646
1 -20 531990434646
1 -24 638388521575
1 -12 319194260787
1 -14 372393304252
1 -27 718187086772
1 -25 664988043307
1 -15 398992825984
1 -16 425592347717
1 -20 531990434646
1 0 0
1 -8 212796173858
1 -16 425592347717
1 -20 531990434646
1 -8 212796173858
P 227
1 -21 501867622763
1 -30 716953746804
1 -18 430172248082
1 -12 286781498721
1 -25 597461455670
1 20 -477969164536
1 -22 525766080989
1 -23 549664539216
1 -24 573562997443
1 -12 286781498721
1 -18 430172248082
1 -18 430172248082
1 -14 334578415175
1 -23 549664539216
1 -25 597461455670
1 -4 95593832907
1 -29 693055288577
1 -28 669156830350
1 -21 501867622763
1 -13 310679956948
1 12 -286781498721
1 -6 143390749361
1 -22 525766080989
1 -3 71695374680
1 -9 215086124041
1 1 -23898458227
1 -24 573562997443
1 -24 573562997443
1 -28 669156830350
1 -4 95593832907
1 -18 430172248082
1 -12 286781498721
1 9 -215086124041
1 -20 477969164536
1 9 -215086124041
1 -19 454070706309
1 -29 693055288577
1 -26 621359913897
1 -24 573562997443
1 -26 621359913897
1 -28 669156830350
1 -17 406273789855
1 0 0
1 -10 238984582268
1 12 -286781498721
1 -24 573562997443
1 -18 430172248082
1 -23 549664539216
1 -28 669156830350
1 -21 501867622763
1 -18 430172248082
1 -14 334578415175
1 -3 71695374680
1 -11 262883040495
1 -12 286781498721
1 -17 406273789855
1 -28 669156830350
1 -27 645258372123
1 -14 334578415175
1 -24 573562997443
1 -24 573562997443
1 -24 573562997443
1 18 -430172248082
1 -22 525766080989
1 -24 573562997443
1 -19 454070706309
1 -20 477969164536
1 -24 573562997443
1 -24 573562997443
1 -18 430172248082
1 -17 406273789855
1 -16 382375331629
1 -20 477969164536
1 -7 167289207588
1 -16 382375331629
1 -27 645258372123
1 2 -47796916454
1 -23 549664539216
1 -12 286781498721
1 -24 573562997443
1 -20 477969164536
1 -23 549664539216
1 -18 430172248082
1 -18 430172248082
1 -28 669156830350
1 -4 95593832907
1 -17 406273789855
1 -24 573562997443
1 -12 286781498721
1 -6 143390749361
1 -1 23898458227
1 -15 358476873402
1 -18 430172248082
1 -21 501867622763
1 -28 669156830350
1 -25 597461455670
1 1 -23898458227
1 -23 549664539216
1 -24 573562997443
1 -24 573562997443
1 -4 95593832907
1 -24 573562997443
1 -27 645258372123
1 12 -286781498721
1 -20 477969164536
1 -13 310679956948
1 -26 621359913897
1 -11 262883040495
1 -24 573562997443
1 -28 669156830350
1 -29 693055288577
1 7 -167289207588
1 -25 597461455670
1 -20 477969164536
1 2 -47796916454
1 -10 238984582268
1 -15 358476873402
1 -12 286781498721
1 -20 477969164536
1 -10 238984582268
1 -24 573562997443
1 -27 645258372123
1 -28 669156830350
1 -24 573562997443
1 -22 525766080989
1 12 -286781498721
1 -24 573562997443
1 -25 597461455670
1 -18 430172248082
1 -5 119492291134
1 -28 669156830350
1 13 -310679956948
1 -6 143390749361
0 0 0
1 -19 454070706309
1 -24 573562997443
1 -27 645258372123
1 -12 286781498721
1 -23 549664539216
1 -18 430172248082
1 -24 573562997443
1 -28 669156830350
1 -7 167289207588
1 4 -95593832907
1 6 -143390749361
1 -14 334578415175
1 -18 430172248082
1 -12 286781498721
1 -18 430172248082
1 -23 549664539216
1 -20 477969164536
1 -12 286781498721
1 -18 430172248082
1 -15 358476873402
1 -24 573562997443
1 -12 286781498721
1 -26 621359913897
1 -24 573562997443
1 -7 167289207588
1 -8 191187665814
1 0 0
1 -24 573562997443
1 -24 573562997443
1 -15 358476873402
1 -12 286781498721
1 -12 286781498721
1 4 -95593832907
1 -18 430172248082
1 -21 501867622763
1 -21 501867622763
1 -28 669156830350
1 -25 597461455670
1 -15 358476873402
1 -18 430172248082
1 -16 382375331629
1 -22 525766080989
1 -24 573562997443
1 -5 119492291134
1 -3 71695374680
1 -13 310679956948
1 -25 597461455670
1 -12 286781498721
1 -18 430172248082
1 -12 286781498721
1 4 -95593832907
1 0 0
1 -10 238984582268
1 -27 645258372123
1 0 0
1 -28 669156830350
1 -18 430172248082
1 -20 477969164536
1 -30 716953746804
1 -20 477969164536
1 -24 573562997443
1 -18 430172248082
1 -26 621359913897
1 4 -95593832907
1 -7 167289207588
1 -20 477969164536
1 -28 669156830350
1 -21 501867622763
1 -27 645258372123
1 -20 477969164536
1 -27 645258372123
1 -24 573562997443
1 -24 573562997443
1 -27 645258372123
1 -12 286781498721
1 -18 430172248082
1 -18 430172248082
1 -24 573562997443
1 -28 669156830350
1 -24 573562997443
1 -15 358476873402
1 -20 477969164536
1 -24 573562997443
1 -12 286781498721
1 -21 501867622763
1 -24 573562997443
1 -28 669156830350
1 -21 501867622763
1 -20 477969164536
1 -12 286781498721
1 -24 573562997443
1 -17 406273789855
1 -30 716953746804
1 -28 669156830350
B H 8
P 233
1 -28 655060415021
1 -26 608270385376
1 -26 608270385376
1 -16 374320237155
1 -22 514690326088
1 15 -350925222333
1 -27 631665400199
1 -24 561480355732
1 -24 561480355732
1 -16 374320237155
1 -24 561480355732
1 -21 491295311266
1 3 -70185044467
1 -28 655060415021
1 -21 491295311266
1 -10 233950148222
1 -10 233950148222
1 -27 631665400199
1 -18 421110266799
1 -10 233950148222
1 -29 678455429843
1 -24 561480355732
1 -14 327530207510
1 -12 280740177866
1 -21 491295311266
1 -24 561480355732
1 -16 374320237155
1 -10 233950148222
1 -27 631665400199
1 -6 140370088933
1 -11 257345163044
1 -19 444505281621
1 -18 421110266799
1 -11 257345163044
1 -22 514690326088
1 -18 421110266799
1 -26 608270385376
1 -3 70185044467
1 -21 491295311266
1 18 -421110266799
1 -13 304135192688
1 -16 374320237155
1 -24 561480355732
1 -24 561480355732
1 -21 491295311266
1 -23 538085340910
1 -14 327530207510
1 -21 491295311266
1 9 -210555133400
1 -1 23395014822
1 0 0
1 -29 678455429843
1 -16 374320237155
1 -24 561480355732
1 -28 655060415021
1 14 -327530207510
1 3 -70185044467
1 -6 140370088933
1 -14 327530207510
1 -19 444505281621
1 8 -187160118577
1 -26 608270385376
1 -24 561480355732
1 -6 140370088933
1 -27 631665400199
1 -27 631665400199
1 -11 257345163044
1 -26 608270385376
1 -15 350925222333
1 -30 701850444665
1 -6 140370088933
1 -18 421110266799
1 -19 444505281621
1 -29 678455429843
1 -21 491295311266
1 0 0
1 -24 561480355732
1 -25 584875370554
1 -10 233950148222
1 -24 561480355732
1 -21 491295311266
1 -22 514690326088
1 -5 116975074111
1 -21 491295311266
1 -9 210555133400
1 -14 327530207510
1 -26 608270385376
1 -24 561480355732
1 18 -421110266799
1 -9 210555133400
1 -10 233950148222
1 -25 584875370554
1 -9 210555133400
1 -30 701850444665
1 -27 631665400199
1 0 0
1 -20 467900296443
1 -17 397715251977
1 -1 23395014822
1 0 0
1 -10 233950148222
1 -18 421110266799
1 -24 561480355732
1 -22 514690326088
1 -18 421110266799
1 4 -93580059289
1 -22 514690326088
1 -12 280740177866
1 -18 421110266799
1 -21 491295311266
1 16 -374320237155
1 -11 257345163044
1 -28 655060415021
1 -4 93580059289
1 -21 491295311266
1 2 -46790029644
1 -18 421110266799
1 -24 561480355732
1 -6 140370088933
1 -30 701850444665
1 -6 140370088933
1 -29 678455429843
1 -30 701850444665
1 -12 280740177866
1 -11 257345163044
1 3 -70185044467
1 -18 421110266799
1 -29 678455429843
1 -24 561480355732
1 -22 514690326088
1 -11 257345163044
1 6 -140370088933
1 -16 374320237155
1 -18 421110266799
1 -20 467900296443
1 -18 421110266799
1 9 -210555133400
1 -20 467900296443
1 -1 23395014822
1 0 0
1 -14 327530207510
1 -16 374320237155
1 -21 491295311266
1 3 -70185044467
1 -18 421110266799
1 -24 561480355732
1 -28 655060415021
1 2 -46790029644
1 -29 678455429843
1 -26 608270385376
1 -13 304135192688
1 -24 561480355732
1 -28 655060415021
1 -27 631665400199
1 -10 233950148222
1 -6 140370088933
1 -3 70185044467
1 -24 561480355732
1 -26 608270385376
1 -15 350925222333
1 2 -46790029644
1 -16 374320237155
1 -3 70185044467
1 -28 655060415021
1 -9 210555133400
1 -27 631665400199
1 -26 608270385376
1 -14 327530207510
1 -6 140370088933
1 -14 327530207510
1 -26 608270385376
1 -26 608270385376
1 -12 280740177866
1 -13 304135192688
1 -26 608270385376
1 -25 584875370554
1 -11 257345163044
1 -10 233950148222
1 -26 608270385376
1 -18 421110266799
1 -8 187160118577
1 18 -421110266799
1 -22 514690326088
1 -30 701850444665
1 -3 70185044467
1 -16 374320237155
1 7 -163765103755
1 -30 701850444665
1 -12 280740177866
1 -6 140370088933
1 -26 608270385376
1 -19 444505281621
1 -21 491295311266
1 -14 327530207510
1 -9 210555133400
1 -8 187160118577
1 -11 257345163044
1 -26 608270385376
1 -10 233950148222
1 -30 701850444665
1 -14 327530207510
1 -22 514690326088
1 -2 46790029644
1 -24 561480355732
1 6 -140370088933
1 -26 608270385376
1 -27 631665400199
1 -18 421110266799
1 -16 374320237155
1 -21 491295311266
1 -26 608270385376
1 -26 608270385376
1 -30 701850444665
1 -10 233950148222
1 -18 421110266799
1 -6 140370088933
1 -18 421110266799
1 4 -93580059289
1 -30 701850444665
1 -22 514690326088
1 6 -140370088933
1 -24 561480355732
1 -18 421110266799
1 -18 421110266799
1 -16 374320237155
1 8 -187160118577
1 -26 608270385376
1 -26 608270385376
1 -22 514690326088
1 -21 491295311266
1 -18 421110266799
1 -19 444505281621
1 -18 421110266799
1 -8 187160118577
P 239
1 -15 343711101586
1 -24 549937762537
1 -5 114570367195
1 -21 481195542220
1 -6 137484440634
1 -22 504109615659
1 -18 412453321903
1 -15 343711101586
1 3 -68742220317
1 -5 114570367195
1 -24 549937762537
1 -24 549937762537
1 -18 412453321903
1 -21 481195542220
1 -18 412453321903
1 -20 458281468781
1 -30 687422203171
1 -24 549937762537
1 -15 343711101586
1 -24 549937762537
1 -20 458281468781
1 -25 572851835976
1 0 0
1 -30 687422203171
1 -15 343711101586
1 -28 641594056293
1 -24 549937762537
1 -21 481195542220
1 -24 549937762537
1 -21 481195542220
1 10 -229140734390
1 -16 366625175025
1 -28 641594056293
1 -9 206226660951
1 -18 412453321903
1 -10 229140734390
1 -20 458281468781
1 -26 595765909415
1 -15 343711101586
1 2 -45828146878
1 -5 114570367195
1 -14 320797028147
1 -30 687422203171
1 -20 458281468781
1 -4 91656293756
1 -16 366625175025
1 -19 435367395342
1 -11 252054807829
1 -27 618679982854
1 -2 45828146878
1 -26 595765909415
1 -26 595765909415
1 -12 274968881269
1 -18 412453321903
1 -24 549937762537
1 -20 458281468781
1 6 -137484440634
1 -21 481195542220
1 -10 229140734390
1 -16 366625175025
1 -27 618679982854
1 -12 274968881269
1 -24 549937762537
1 -4 91656293756
1 -24 549937762537
1 -11 252054807829
1 -22 504109615659
1 -27 618679982854
1 -15 343711101586
1 -20 458281468781
1 -27 618679982854
1 5 -114570367195
1 -21 481195542220
1 -22 504109615659
1 -20 458281468781
1 -18 412453321903
1 -21 481195542220
1 -26 595765909415
1 -8 183312587512
1 -15 343711101586
1 -20 458281468781
1 -28 641594056293
1 -30 687422203171
1 -14 320797028147
1 -24 549937762537
1 -18 412453321903
1 -28 641594056293
1 -27 618679982854
1 -27 618679982854
1 -22 504109615659
1 -28 641594056293
1 -24 549937762537
1 -25 572851835976
1 -28 641594056293
1 -16 366625175025
1 -4 91656293756
1 -24 549937762537
1 -24 549937762537
1 -28 641594056293
1 -15 343711101586
1 -28 641594056293
1 -22 504109615659
1 -30 687422203171
1 -4 91656293756
1 -18 412453321903
1 -20 458281468781
1 -8 183312587512
1 -28 641594056293
1 -22 504109615659
1 -20 458281468781
1 -16 366625175025
1 -26 595765909415
1 -30 687422203171
1 -23 527023689098
1 -12 274968881269
1 -24 549937762537
1 -30 687422203171
1 -24 549937762537
1 -27 618679982854
1 -6 137484440634
1 -25 572851835976
1 -17 389539248464
1 0 0
1 -3 68742220317
1 -20 458281468781
1 -8 183312587512
1 -20 458281468781
1 0 0
1 -6 137484440634
1 -12 274968881269
1 0 0
1 -22 504109615659
1 -24 549937762537
1 -9 206226660951
1 -28 641594056293
1 -17 389539248464
1 -24 549937762537
1 -27 618679982854
1 -24 549937762537
1 -27 618679982854
1 -20 458281468781
1 -26 595765909415
1 -20 458281468781
1 -8 183312587512
1 -12 274968881269
1 -27 618679982854
1 -1 22914073439
1 -16 366625175025
1 -24 549937762537
1 -4 91656293756
1 -14 320797028147
1 -23 527023689098
1 -4 91656293756
1 -27 618679982854
1 -24 549937762537
1 -27 618679982854
1 -20 458281468781
1 -6 137484440634
1 -10 229140734390
1 -19 435367395342
1 -25 572851835976
1 -6 137484440634
1 -24 549937762537
1 -21 481195542220
1 -18 412453321903
1 -22 504109615659
1 -16 366625175025
1 0 0
1 -18 412453321903
1 -2 45828146878
1 -22 504109615659
1 -18 412453321903
1 -19 435367395342
1 -17 389539248464
1 -30 687422203171
1 -22 504109615659
1 -18 412453321903
1 -17 389539248464
1 -24 549937762537
1 -12 274968881269
1 -27 618679982854
1 9 -206226660951
1 -2 45828146878
1 -8 183312587512
1 -6 137484440634
1 -22 504109615659
1 -10 229140734390
1 -19 435367395342
1 -24 549937762537
1 -9 206226660951
1 -7 160398514073
1 -30 687422203171
1 8 -183312587512
1 -26 595765909415
1 -16 366625175025
1 -6 137484440634
1 -20 458281468781
1 -9 206226660951
1 -24 549937762537
1 -27 618679982854
1 -19 435367395342
1 -5 114570367195
1 -24 549937762537
1 -9 206226660951
1 -24 549937762537
1 -6 137484440634
1 -4 91656293756
1 -4 91656293756
1 -27 618679982854
1 -26 595765909415
1 -10 229140734390
1 -21 481195542220
1 -28 641594056293
1 -20 458281468781
1 -16 366625175025
1 -8 183312587512
1 -15 343711101586
1 -6 137484440634
1 -17 389539248464
1 -30 687422203171
1 -15 343711101586
1 20 -458281468781
1 -29 664508129732
1 -9 206226660951
1 -18 412453321903
1 24 -549937762537
1 -6 137484440634
1 -6 137484440634
1 0 0
1 -11 252054807829
1 -9 206226660951
1 -12 274968881269
1 -24 549937762537
1 -14 320797028147
1 0 0
1 -12 274968881269
1 -26 595765909415
1 -22 504109615659
1 -29 664508129732
1 -2 45828146878
P 241
1 -26 591720830999
1 -22 500686856999
1 -4 91033974000
1 -25 568962337499
1 -9 204826441500
1 -30 682754804999
1 -24 546203843999
1 -10 227584935000
1 -11 250343428500
1 1 -22758493500
1 -26 591720830999
1 10 -227584935000
1 -18 409652882999
1 -7 159309454500
1 -22 500686856999
1 -28 637237817999
1 -27 614479324499
1 -25 568962337499
1 -10 227584935000
1 -14 318618908999
1 -25 568962337499
1 -24 546203843999
1 -23 523445350499
1 -10 227584935000
1 -26 591720830999
1 -21 477928363499
1 -7 159309454500
1 -15 341377402499
1 3 -68275480500
1 -10 227584935000
1 -30 682754804999
1 -19 432411376499
1 -12 273101922000
1 -26 591720830999
1 9 -204826441500
1 -24 546203843999
1 -25 568962337499
1 -10 227584935000
1 -3 68275480500
1 -14 318618908999
1 -26 591720830999
1 -18 409652882999
1 -26 591720830999
1 8 -182067948000
1 -18 409652882999
1 -16 364135895999
1 -18 409652882999
1 -1 22758493500
1 -2 45516987000
1 -4 91033974000
1 -8 182067948000
1 -3 68275480500
1 -20 455169869999
1 -22 500686856999
1 -22 500686856999
1 -14 318618908999
1 -14 318618908999
1 15 -341377402499
1 7 -159309454500
1 -18 409652882999
1 -22 500686856999
1 -15 341377402499
1 -10 227584935000
1 -14 318618908999
1 -23 523445350499
1 -17 386894389499
1 0 0
1 -28 637237817999
1 -10 227584935000
1 -10 227584935000
1 -10 227584935000
1 -22 500686856999
1 -2 45516987000
1 -22 500686856999
1 -7 159309454500
1 -20 455169869999
1 -18 409652882999
1 -4 91033974000
1 -12 273101922000
1 -4 91033974000
1 -25 568962337499
1 -26 591720830999
1 4 -91033974000
1 -25 568962337499
1 -22 500686856999
1 -22 500686856999
1 -8 182067948000
1 -25 568962337499
1 -18 409652882999
1 -22 500686856999
1 -28 637237817999
1 -25 568962337499
1 -18 409652882999
1 -25 568962337499
1 -25 568962337499
1 -26 591720830999
1 -25 568962337499
1 -28 637237817999
1 -22 500686856999
1 -10 227584935000
1 -14 318618908999
1 -12 273101922000
1 -22 500686856999
1 -29 659996311499
1 -18 409652882999
1 -28 637237817999
1 -22 500686856999
1 -26 591720830999
1 -19 432411376499
1 -26 591720830999
1 -18 409652882999
1 -23 523445350499
1 -30 682754804999
1 16 -364135895999
1 -28 637237817999
1 -17 386894389499
1 -20 455169869999
1 -22 500686856999
1 -28 637237817999
1 -19 432411376499
1 10 -227584935000
1 -22 500686856999
1 -26 591720830999
1 -2 45516987000
1 -26 591720830999
1 -9 204826441500
1 -8 182067948000
1 -20 455169869999
1 -10 227584935000
1 -4 91033974000
1 -16 364135895999
1 -21 477928363499
1 -14 318618908999
1 2 -45516987000
1 -26 591720830999
1 -18 409652882999
1 -8 182067948000
1 -22 500686856999
1 10 -227584935000
1 -6 136550961000
1 -18 409652882999
1 -13 295860415499
1 4 -91033974000
1 -18 409652882999
1 -28 637237817999
1 -26 591720830999
1 -10 227584935000
1 -22 500686856999
1 -8 182067948000
1 7 -159309454500
1 -4 91033974000
1 -22 500686856999
1 -18 409652882999
1 -19 432411376499
1 -18 409652882999
1 -25 568962337499
1 -10 227584935000
1 -14 318618908999
1 -28 637237817999
1 -26 591720830999
1 -20 455169869999
1 -26 591720830999
1 -10 227584935000
1 -10 227584935000
1 -29 659996311499
1 -25 568962337499
1 -24 546203843999
1 -19 432411376499
1 19 -432411376499
1 -4 91033974000
1 -14 318618908999
1 12 -273101922000
1 -30 682754804999
1 -16 364135895999
1 -28 637237817999
1 -5 113792467500
1 -23 523445350499
1 -25 568962337499
1 -11 250343428500
1 -10 227584935000
1 -26 591720830999
1 -26 591720830999
1 11 -250343428500
1 -6 136550961000
1 -20 455169869999
1 -16 364135895999
1 -28 637237817999
1 -30 682754804999
1 -17 386894389499
1 -17 386894389499
1 -27 614479324499
1 -7 159309454500
1 -24 546203843999
1 -30 682754804999
1 -26 591720830999
1 -20 455169869999
1 -18 409652882999
1 -28 637237817999
1 -20 455169869999
1 -20 455169869999
1 4 -91033974000
1 -10 227584935000
1 -11 250343428500
1 -20 455169869999
1 -17 386894389499
1 -10 227584935000
1 -10 227584935000
1 -15 341377402499
1 -4 91033974000
1 -1 22758493500
1 -17 386894389499
1 -28 637237817999
1 -6 136550961000
1 -30 682754804999
1 -28 637237817999
1 11 -250343428500
1 -23 523445350499
1 -19 432411376499
1 -28 637237817999
1 -18 409652882999
1 -17 386894389499
1 -18 409652882999
1 -1 22758493500
1 -2 45516987000
1 -6 136550961000
1 -15 341377402499
1 -30 682754804999
1 -25 568962337499
1 12 -273101922000
1 -28 637237817999
1 -18 409652882999
1 17 -386894389499
1 -26 591720830999
1 -8 182067948000
1 -14 318618908999
1 -24 546203843999
1 2 -45516987000
1 -28 637237817999
1 -19 432411376499
1 -26 591720830999
1 -17 386894389499
1 -21 477928363499
P 251
1 -23 506316404781
1 -20 440275134592
1 -30 660412701888
1 -22 484302648051
1 -6 132082540378
1 -18 396247621133
1 -26 572357674970
1 -26 572357674970
1 -20 440275134592
1 -27 594371431699
1 -30 660412701888
1 -24 528330161511
1 14 -308192594215
1 -12 264165080755
1 -26 572357674970
1 -28 616385188429
1 -27 594371431699
1 0 0
1 -30 660412701888
1 3 -66041270189
1 -26 572357674970
1 -22 484302648051
1 -12 264165080755
1 -6 132082540378
1 -24 528330161511
1 -2 44027513459
1 -10 220137567296
1 -23 506316404781
1 -21 462288891322
1 -4 88055026918
1 -21 462288891322
1 26 -572357674970
1 -12 264165080755
1 -28 616385188429
1 -28 616385188429
1 13 -286178837485
1 -18 396247621133
1 20 -440275134592
1 -20 440275134592
1 13 -286178837485
1 -5 110068783648
1 -28 616385188429
1 -26 572357674970
1 -28 616385188429
1 0 0
1 -28 616385188429
1 -20 440275134592
1 -21 462288891322
1 -5 110068783648
1 -12 264165080755
1 -23 506316404781
1 -28 616385188429
1 12 -264165080755
1 -18 396247621133
1 -14 308192594215
1 -11 242151324026
1 -4 88055026918
1 -9 198123810566
1 -27 594371431699
1 -15 330206350944
1 -21 462288891322
1 -28 616385188429
1 -5 110068783648
1 -3 66041270189
1 3 -66041270189
1 -28 616385188429
1 24 -528330161511
1 -13 286178837485
1 -17 374233864403
1 -28 616385188429
1 -4 88055026918
1 -27 594371431699
1 16 -352220107674
1 -24 528330161511
1 -22 484302648051
1 -6 132082540378
1 -29 638398945159
1 -20 440275134592
1 -24 528330161511
1 -30 660412701888
1 12 -264165080755
1 -30 660412701888
1 -28 616385188429
1 -23 506316404781
1 -28 616385188429
1 -20 440275134592
1 -24 528330161511
1 -24 528330161511
1 -20 440275134592
1 -29 638398945159
1 11 -242151324026
1 -12 264165080755
1 -24 528330161511
1 -12 264165080755
1 9 -198123810566
1 -30 660412701888
1 -20 440275134592
1 -12 264165080755
1 -12 264165080755
1 -21 462288891322
1 -21 462288891322
1 -28 616385188429
1 0 0
1 -8 176110053837
1 -30 660412701888
1 0 0
1 -21 462288891322
1 -24 528330161511
1 -13 286178837485
1 -30 660412701888
1 -18 396247621133
1 -12 264165080755
1 -8 176110053837
1 -30 660412701888
1 -22 484302648051
1 -12 264165080755
1 -22 484302648051
1 -20 440275134592
1 -27 594371431699
1 -25 550343918240
1 -30 660412701888
1 -27 594371431699
1 -23 506316404781
1 -28 616385188429
1 -24 528330161511
1 -11 242151324026
1 -8 176110053837
1 -15 330206350944
1 -22 484302648051
1 -20 440275134592
1 -27 594371431699
1 -18 396247621133
1 10 -220137567296
1 -15 330206350944
1 6 -132082540378
1 -30 660412701888
1 -15 330206350944
1 -21 462288891322
1 -27 594371431699
1 -21 462288891322
1 -26 572357674970
1 -26 572357674970
1 -28 616385188429
1 -27 594371431699
1 21 -462288891322
1 -24 528330161511
1 -8 176110053837
1 -16 352220107674
1 -18 396247621133
1 6 -132082540378
1 -12 264165080755
1 -24 528330161511
1 -20 440275134592
1 -28 616385188429
1 -12 264165080755
1 -26 572357674970
1 -30 660412701888
1 -24 528330161511
1 -25 550343918240
1 2 -44027513459
1 -16 352220107674
1 -16 352220107674
1 -1 22013756730
1 -30 660412701888
1 -1 22013756730
1 -16 352220107674
1 -30 660412701888
1 -30 660412701888
1 -23 506316404781
1 -19 418261377863
1 -6 132082540378
1 -30 660412701888
1 -30 660412701888
1 -20 440275134592
1 -27 594371431699
1 -9 198123810566
1 -31 682426458618
1 16 -352220107674
1 -15 330206350944
1 -27 594371431699
1 4 -88055026918
1 -12 264165080755
1 -30 660412701888
1 -22 484302648051
1 -30 660412701888
1 24 -528330161511
1 -15 330206350944
1 -12 264165080755
1 -4 88055026918
1 -5 110068783648
1 -24 528330161511
1 -15 330206350944
1 4 -88055026918
1 -21 462288891322
1 -12 264165080755
1 -28 616385188429
1 8 -176110053837
1 -26 572357674970
1 -24 528330161511
1 -30 660412701888
1 0 0
1 -30 660412701888
1 -24 528330161511
1 -30 660412701888
1 -24 528330161511
1 -30 660412701888
1 -4 88055026918
1 -20 440275134592
1 -2 44027513459
1 -20 440275134592
1 -15 330206350944
1 -15 330206350944
1 -22 484302648051
1 -24 528330161511
1 2 -44027513459
1 -27 594371431699
1 -30 660412701888
1 -28 616385188429
1 -30 660412701888
1 -15 330206350944
1 -5 110068783648
1 -24 528330161511
1 -12 264165080755
1 -26 572357674970
1 12 -264165080755
1 -24 528330161511
1 -12 264165080755
1 -20 440275134592
1 -18 396247621133
0 0 0
1 -13 286178837485
1 0 0
1 -17 374233864403
1 -21 462288891322
1 -21 462288891322
1 -8 176110053837
1 -21 462288891322
1 -18 396247621133
1 -24 528330161511
1 -27 594371431699
1 -18 396247621133
1 -12 264165080755
1 -15 330206350944
1 -16 352220107674
1 -18 396247621133
1 -30 660412701888
1 -27 594371431699
1 30 -660412701888
1 -28 616385188429
1 -14 308192594215
1 -30 660412701888
1 -23 506316404781
P 263
1 -28 593233128901
1 -27 572046231440
1 -24 508485539058
1 -4 84747589843
1 -16 338990359372
1 -16 338990359372
1 -21 444924846676
1 -21 444924846676
1 -31 656793821283
1 -14 296616564451
1 -4 84747589843
1 -3 63560692382
1 -12 254242769529
1 -23 487298641597
1 17 -360177256833
1 -9 190682077147
1 -31 656793821283
1 -24 508485539058
1 -21 444924846676
1 -28 593233128901
1 -6 127121384765
1 -24 508485539058
1 -12 254242769529
0 0 0
1 -7 148308282225
1 -21 444924846676
1 -21 444924846676
1 -24 508485539058
1 9 -190682077147
1 -12 254242769529
1 -16 338990359372
1 4 -84747589843
1 -22 466111744137
1 -31 656793821283
1 -23 487298641597
1 -32 677980718744
0 0 0
1 -15 317803461911
1 -31 656793821283
1 -10 211868974608
1 -10 211868974608
1 -12 254242769529
1 -9 190682077147
1 6 -127121384765
1 -31 656793821283
1 -22 466111744137
1 -24 508485539058
1 -12 254242769529
1 -7 148308282225
1 0 0
1 -12 254242769529
1 -12 254242769529
1 -30 635606923823
1 4 -84747589843
1 -26 550859333980
1 -28 593233128901
1 -12 254242769529
1 -24 508485539058
1 -5 105934487304
1 18 -381364154294
1 -15 317803461911
1 -16 338990359372
1 -4 84747589843
1 -24 508485539058
1 -8 169495179686
1 -8 169495179686
1 -28 593233128901
1 8 -169495179686
1 0 0
1 -1 21186897461
1 -3 63560692382
1 -12 254242769529
1 -19 402551051754
1 4 -84747589843
1 -24 508485539058
1 -26 550859333980
1 -24 508485539058
1 -24 508485539058
1 -11 233055872068
1 -24 508485539058
1 -11 233055872068
1 -12 254242769529
1 -24 508485539058
1 -24 508485539058
1 -4 84747589843
1 -12 254242769529
1 -16 338990359372
1 -16 338990359372
1 -28 593233128901
1 -31 656793821283
1 -21 444924846676
1 -13 275429666990
1 -24 508485539058
1 -31 656793821283
1 -8 169495179686
1 -8 169495179686
1 -21 444924846676
1 -18 381364154294
1 -25 529672436519
1 -24 508485539058
1 -16 338990359372
1 -16 338990359372
1 -12 254242769529
1 -16 338990359372
1 -11 233055872068
1 -21 444924846676
1 -22 466111744137
1 -20 423737949215
1 -22 466111744137
1 -12 254242769529
1 -22 466111744137
1 -16 338990359372
1 24 -508485539058
1 -8 169495179686
1 -23 487298641597
1 -22 466111744137
1 -19 402551051754
1 -32 677980718744
1 6 -127121384765
1 -24 508485539058
1 -24 508485539058
1 -23 487298641597
1 -24 508485539058
1 -24 508485539058
1 -2 42373794922
1 -9 190682077147
1 -19 402551051754
1 -30 635606923823
1 -31 656793821283
1 -4 84747589843
1 -17 360177256833
1 -24 508485539058
1 -21 444924846676
1 -24 508485539058
1 -6 127121384765
1 -21 444924846676
1 -30 635606923823
1 -28 593233128901
1 0 0
1 -30 635606923823
1 -8 169495179686
1 -9 190682077147
1 -28 593233128901
1 -8 169495179686
1 0 0
1 -20 423737949215
1 -4 84747589843
1 -26 550859333980
1 -24 508485539058
1 -7 148308282225
1 -28 593233128901
1 -26 550859333980
1 -8 169495179686
1 -23 487298641597
1 -28 593233128901
1 -28 593233128901
1 -7 148308282225
1 -30 635606923823
1 -30 635606923823
1 -12 254242769529
1 -23 487298641597
1 -29 614420026362
1 -27 572046231440
1 -25 529672436519
1 -24 508485539058
1 -12 254242769529
1 -7 148308282225
1 -24 508485539058
1 -27 572046231440
1 -30 635606923823
1 -31 656793821283
1 -6 127121384765
1 -29 614420026362
1 -21 444924846676
1 -26 550859333980
1 -11 233055872068
1 -25 529672436519
1 -24 508485539058
1 -12 254242769529
1 -8 169495179686
1 -27 572046231440
1 -30 635606923823
1 24 -508485539058
1 2 -42373794922
1 -21 444924846676
1 -30 635606923823
1 -10 211868974608
1 -18 381364154294
1 -32 677980718744
1 -18 381364154294
1 8 -169495179686
1 -3 63560692382
1 12 -254242769529
1 1 -21186897461
1 -24 508485539058
1 3 -63560692382
1 -29 614420026362
1 -7 148308282225
1 -26 550859333980
1 -18 381364154294
1 -18 381364154294
1 -19 402551051754
1 16 -338990359372
1 3 -63560692382
1 -30 635606923823
1 -11 233055872068
1 -28 593233128901
1 -26 550859333980
1 6 -127121384765
1 -10 211868974608
1 -23 487298641597
0 0 0
1 -12 254242769529
1 0 0
1 -18 381364154294
1 0 0
1 14 -296616564451
1 -12 254242769529
1 -8 169495179686
1 -9 190682077147
1 3 -63560692382
1 -30 635606923823
1 -30 635606923823
1 -25 529672436519
1 -15 317803461911
1 -18 381364154294
1 -18 381364154294
1 -30 635606923823
1 -16 338990359372
1 4 -84747589843
1 -23 487298641597
1 -11 233055872068
1 -11 233055872068
1 4 -84747589843
1 -30 635606923823
1 -9 190682077147
1 -24 508485539058
1 -18 381364154294
1 -24 508485539058
1 8 -169495179686
1 -16 338990359372
1 -26 550859333980
1 -28 593233128901
1 -15 317803461911
1 -27 572046231440
1 -24 508485539058
1 -22 466111744137
1 -30 635606923823
1 -27 572046231440
1 -16 338990359372
1 -24 508485539058
1 -21 444924846676
1 -4 84747589843
1 -12 254242769529
1 -12 254242769529
1 -24 508485539058
1 -24 508485539058
1 -21 444924846676
1 -20 423737949215
1 -32 677980718744
1 -12 254242769529
1 0 0
1 -24 508485539058
1 -3 63560692382
P 271
1 -1 20672025169
1 4 -82688100677
1 4 -82688100677
1 -8 165376201354
1 -25 516800629232
1 -12 248064302032
1 -3 62016075508
1 -20 413440503386
1 0 0
1 -20 413440503386
1 -20 413440503386
1 -25 516800629232
1 -22 454784553725
1 -24 496128604063
1 -10 206720251693
1 -32 661504805418
1 -26 537472654402
1 -31 640832780248
1 -24 496128604063
1 -1 20672025169
1 -25 516800629232
1 -20 413440503386
1 -28 578816704740
1 -25 516800629232
1 -26 537472654402
1 -8 165376201354
1 -23 475456578894
1 27 -558144679571
1 -19 392768478217
1 -25 516800629232
1 -6 124032151016
1 -16 330752402709
1 -25 516800629232
1 -8 165376201354
1 -3 62016075508
1 -10 206720251693
1 -18 372096453047
1 -24 496128604063
1 -20 413440503386
1 18 -372096453047
1 -29 599488729910
1 -24 496128604063
1 -13 268736327201
1 -17 351424427878
1 -23 475456578894
1 -26 537472654402
1 -28 578816704740
1 -14 289408352370
1 -22 454784553725
1 -28 578816704740
1 6 -124032151016
1 -22 454784553725
1 4 -82688100677
1 14 -289408352370
1 -20 413440503386
1 -2 41344050339
1 -16 330752402709
1 -28 578816704740
1 -28 578816704740
1 -28 578816704740
1 -30 620160755079
1 -22 454784553725
1 -9 186048226524
1 -24 496128604063
1 -28 578816704740
1 -28 578816704740
1 -16 330752402709
1 -14 289408352370
1 -10 206720251693
1 -16 330752402709
1 -20 413440503386
1 -13 268736327201
1 -30 620160755079
1 -23 475456578894
1 -30 620160755079
1 -26 537472654402
1 24 -496128604063
1 -11 227392276862
1 -30 620160755079
1 -16 330752402709
1 -24 496128604063
1 -11 227392276862
1 -25 516800629232
1 -23 475456578894
1 -20 413440503386
1 -25 516800629232
1 -22 454784553725
1 -20 413440503386
1 -14 289408352370
1 -3 62016075508
1 -3 62016075508
1 -6 124032151016
1 -24 496128604063
1 -30 620160755079
1 16 -330752402709
1 -25 516800629232
1 -25 516800629232
1 -20 413440503386
1 -24 496128604063
1 -22 454784553725
1 -25 516800629232
1 4 -82688100677
1 -21 434112528555
1 -12 248064302032
1 -22 454784553725
1 -29 599488729910
1 -8 165376201354
1 -21 434112528555
1 -22 454784553725
1 -10 206720251693
1 -28 578816704740
1 -10 206720251693
1 2 -41344050339
1 -29 599488729910
1 -15 310080377539
1 -8 165376201354
1 -24 496128604063
1 -28 578816704740
1 -26 537472654402
1 -32 661504805418
1 -22 454784553725
1 -4 82688100677
1 -28 578816704740
1 -24 496128604063
1 -24 496128604063
1 -14 289408352370
1 -20 413440503386
1 -17 351424427878
1 -8 165376201354
1 -24 496128604063
1 -32 661504805418
1 -28 578816704740
1 -21 434112528555
1 -15 310080377539
1 -10 206720251693
1 -17 351424427878
1 -2 41344050339
1 -8 165376201354
1 -27 558144679571
1 -30 620160755079
1 7 -144704176185
1 -25 516800629232
1 -12 248064302032
1 -27 558144679571
1 11 -227392276862
1 -14 289408352370
1 -20 413440503386
1 -31 640832780248
1 -3 62016075508
1 -21 434112528555
1 -27 558144679571
1 -10 206720251693
1 -14 289408352370
1 -8 165376201354
1 -28 578816704740
1 -29 599488729910
1 -12 248064302032
1 -24 496128604063
1 -19 392768478217
1 -29 599488729910
1 0 0
1 -25 516800629232
1 -10 206720251693
1 -25 516800629232
1 -30 620160755079
1 -27 558144679571
1 -15 310080377539
1 9 -186048226524
1 -8 165376201354
1 -32 661504805418
1 -25 516800629232
1 5 -103360125846
1 -16 330752402709
1 0 0
1 6 -124032151016
1 -24 496128604063
1 -27 558144679571
1 -20 413440503386
1 -32 661504805418
1 2 -41344050339
1 -12 248064302032
1 -25 516800629232
1 -15 310080377539
1 -25 516800629232
1 -18 372096453047
1 -10 206720251693
1 -29 599488729910
1 -31 640832780248
1 -25 516800629232
1 -18 372096453047
1 -22 454784553725
1 -32 661504805418
1 -24 496128604063
1 -8 165376201354
1 -20 413440503386
1 -20 413440503386
1 -8 165376201354
1 -20 413440503386
1 -3 62016075508
1 -16 330752402709
1 -20 413440503386
1 -22 454784553725
1 -16 330752402709
1 32 -661504805418
1 -8 165376201354
1 -22 454784553725
1 -11 227392276862
1 -16 330752402709
1 -18 372096453047
1 -21 434112528555
1 -1 20672025169
1 -13 268736327201
1 -20 413440503386
1 21 -434112528555
1 -10 206720251693
1 -25 516800629232
1 3 -62016075508
1 -14 289408352370
1 -20 413440503386
1 16 -330752402709
1 -11 227392276862
1 0 0
1 -22 454784553725
1 -8 165376201354
1 24 -496128604063
1 -22 454784553725
1 -6 124032151016
1 -10 206720251693
1 -8 165376201354
1 -1 20672025169
1 2 -41344050339
1 -29 599488729910
1 -10 206720251693
1 -22 454784553725
1 -24 496128604063
1 -31 640832780248
1 -28 578816704740
1 -30 620160755079
1 -25 516800629232
1 -7 144704176185
1 -24 496128604063
1 -15 310080377539
1 -28 578816704740
1 -17 351424427878
1 -22 454784553725
1 3 -62016075508
1 -24 496128604063
1 -20 413440503386
1 -9 186048226524
1 -8 165376201354
1 -16 330752402709
1 -28 578816704740
1 -11 227392276862
1 -23 475456578894
1 11 -227392276862
1 -20 413440503386
1 -24 496128604063
1 -7 144704176185
1 -28 578816704740
1 -20 413440503386
1 -24 496128604063
1 -2 41344050339
1 -14 289408352370
1 7 -144704176185
1 -27 558144679571
1 0 0
1 -7 144704176185
1 6 -124032151016
1 -28 578816704740
1 -27 558144679571
1 -8 165376201354
1 -30 620160755079
P 277
1 -31 629402681198
1 -19 385762933637
1 -11 223336435264
1 -8 162426498374
1 -9 182729810670
1 -22 446672870528
1 -3 60909936890
1 -5 101516561484
1 0 0
1 -2 40606624593
1 -16 324852996747
1 -1 20303312297
1 -22 446672870528
1 -22 446672870528
1 -2 40606624593
1 -22 446672870528
1 -22 446672870528
1 -23 466976182824
1 -28 568492744308
1 -22 446672870528
1 -25 507582807418
1 18 -365459621341
1 -24 487279495121
1 -24 487279495121
1 -14 284246372154
1 -32 649705993495
1 -22 446672870528
1 -30 609099368901
1 -30 609099368901
1 -20 406066245934
1 17 -345156309044
1 2 -40606624593
1 -8 162426498374
1 -22 446672870528
1 -29 588796056604
1 -23 466976182824
1 -8 162426498374
1 -31 629402681198
1 -10 203033122967
1 -9 182729810670
1 -19 385762933637
1 -8 162426498374
1 -6 121819873780
1 -22 446672870528
1 -32 649705993495
1 -28 568492744308
1 -26 527886119714
1 -28 568492744308
1 -28 568492744308
1 -24 487279495121
1 -26 527886119714
1 -22 446672870528
1 -13 263943059857
1 -19 385762933637
1 -19 385762933637
1 -16 324852996747
1 -16 324852996747
1 -26 527886119714
1 -16 324852996747
1 -27 548189432011
1 -4 81213249187
1 -8 162426498374
1 -16 324852996747
1 -28 568492744308
1 -18 365459621341
1 2 -40606624593
1 10 -203033122967
1 12 -243639747560
1 -22 446672870528
1 -31 629402681198
1 -26 527886119714
1 -14 284246372154
1 -27 548189432011
1 -19 385762933637
1 -30 609099368901
1 -32 649705993495
1 -22 446672870528
1 -29 588796056604
1 -22 446672870528
1 -32 649705993495
1 2 -40606624593
1 -18 365459621341
1 -10 203033122967
1 -28 568492744308
1 -21 426369558231
1 -32 649705993495
1 -30 609099368901
1 -9 182729810670
1 -8 162426498374
1 -12 243639747560
1 -2 40606624593
1 -6 121819873780
1 -5 101516561484
1 -4 81213249187
1 -13 263943059857
1 -7 142123186077
1 8 -162426498374
1 22 -446672870528
1 -30 609099368901
1 -29 588796056604
1 -22 446672870528
1 -10 203033122967
1 -9 182729810670
1 -26 527886119714
1 -17 345156309044
1 -1 20303312297
1 -24 487279495121
1 -15 304549684451
1 -14 284246372154
1 16 -324852996747
1 -23 466976182824
1 -22 446672870528
1 -10 203033122967
1 8 -162426498374
1 -22 446672870528
1 -23 466976182824
1 -27 548189432011
1 8 -162426498374
1 5 -101516561484
1 -26 527886119714
1 -12 243639747560
1 17 -345156309044
1 -17 345156309044
1 -30 609099368901
1 24 -487279495121
1 -17 345156309044
1 -26 527886119714
1 -18 365459621341
1 -10 203033122967
1 -26 527886119714
1 0 0
1 -14 284246372154
1 -13 263943059857
1 -4 81213249187
1 -8 162426498374
1 -14 284246372154
1 -23 466976182824
1 -18 365459621341
1 -10 203033122967
1 -27 548189432011
1 12 -243639747560
1 -18 365459621341
1 -22 446672870528
1 -22 446672870528
1 -25 507582807418
1 1 -20303312297
1 -18 365459621341
1 -22 446672870528
1 -18 365459621341
1 -32 649705993495
1 -8 162426498374
1 -17 345156309044
1 -18 365459621341
1 -18 365459621341
1 -27 548189432011
1 -6 121819873780
1 -27 548189432011
1 -24 487279495121
1 -23 466976182824
1 -10 203033122967
1 -20 406066245934
1 -18 365459621341
1 2 -40606624593
1 -10 203033122967
1 0 0
1 -23 466976182824
1 -24 487279495121
1 -16 324852996747
1 12 -243639747560
1 -29 588796056604
1 -16 324852996747
1 -13 263943059857
1 -23 466976182824
1 -9 182729810670
1 2 -40606624593
1 -11 223336435264
1 -26 527886119714
1 -22 446672870528
1 -11 223336435264
1 -22 446672870528
1 -16 324852996747
1 -16 324852996747
1 -23 466976182824
1 -24 487279495121
1 -15 304549684451
1 -26 527886119714
1 -22 446672870528
1 -23 466976182824
1 -31 629402681198
1 -18 365459621341
1 -14 284246372154
1 -21 426369558231
1 -18 365459621341
1 -9 182729810670
1 -22 446672870528
1 -23 466976182824
1 -16 324852996747
1 -32 649705993495
1 -19 385762933637
1 -6 121819873780
1 -2 40606624593
1 -16 324852996747
1 -5 101516561484
1 -28 568492744308
1 -22 446672870528
1 -19 385762933637
1 2 -40606624593
1 -11 223336435264
1 11 -223336435264
1 -32 649705993495
1 -30 609099368901
1 8 -162426498374
1 -8 162426498374
1 -8 162426498374
1 -24 487279495121
1 -33 670009305791
1 -28 568492744308
1 -27 548189432011
1 -23 466976182824
1 -23 466976182824
1 -30 609099368901
1 -11 223336435264
1 -1 20303312297
1 -28 568492744308
1 -32 649705993495
1 -13 263943059857
1 -26 527886119714
1 -28 568492744308
1 -26 527886119714
1 -30 609099368901
1 -23 466976182824
1 -13 263943059857
1 -32 649705993495
1 -22 446672870528
1 -26 527886119714
1 -8 162426498374
1 -10 203033122967
1 -8 162426498374
1 3 -60909936890
1 -28 568492744308
1 -18 365459621341
1 -22 446672870528
1 -21 426369558231
1 2 -40606624593
1 8 -162426498374
1 -14 284246372154
1 -2 40606624593
1 -32 649705993495
1 -13 263943059857
1 -22 446672870528
1 -29 588796056604
1 -17 345156309044
1 -28 568492744308
1 -23 466976182824
1 17 -345156309044
1 -23 466976182824
1 -23 466976182824
1 -22 446672870528
1 8 -162426498374
1 -20 406066245934
1 13 -263943059857
1 -26 527886119714
1 -28 568492744308
1 -4 81213249187
1 -7 142123186077
1 -19 385762933637
1 -28 568492744308
1 -12 243639747560
1 -25 507582807418
1 -11 223336435264
1 -25 507582807418
1 -18 365459621341
1 -3 60909936890
1 -29 588796056604
1 -17 345156309044
1 -30 609099368901
1 -6 121819873780
1 -25 507582807418
P 281
1 -10 200653191079
1 -6 120391914648
1 -18 361175743943
1 -30 601959573238
1 -23 461502339483
1 -30 601959573238
1 -18 361175743943
1 -14 280914467511
1 0 0
1 -22 441437020375
1 -18 361175743943
1 -11 220718510187
1 -19 381241063051
1 -13 260849148403
1 -18 361175743943
1 0 0
1 -17 341110424835
1 0 0
1 6 -120391914648
1 8 -160522552864
1 -18 361175743943
1 -11 220718510187
1 -18 361175743943
1 -29 581894254131
1 -13 260849148403
1 -26 521698296807
1 -10 200653191079
1 -18 361175743943
1 -13 260849148403
1 -4 80261276432
1 5 -100326595540
1 -27 541763615915
1 -27 541763615915
1 -2 40130638216
1 -26 521698296807
1 -22 441437020375
1 -30 601959573238
1 -22 441437020375
1 -18 361175743943
1 -30 601959573238
1 -21 421371701267
1 -29 581894254131
1 -30 601959573238
1 -16 321045105727
1 0 0
1 -22 441437020375
1 -7 140457233756
1 -32 642090211454
1 -24 481567658591
1 -18 361175743943
1 -6 120391914648
1 -27 541763615915
1 -27 541763615915
1 -18 361175743943
1 -16 321045105727
1 -20 401306382159
1 -33 662155530562
1 -19 381241063051
1 -22 441437020375
1 -16 321045105727
1 -6 120391914648
1 -10 200653191079
1 -10 200653191079
1 -22 441437020375
1 -32 642090211454
1 -18 361175743943
1 -18 361175743943
1 -10 200653191079
1 -24 481567658591
1 6 -120391914648
1 -8 160522552864
1 -22 441437020375
1 -22 441437020375
1 -32 642090211454
1 -9 180587871972
1 -26 521698296807
1 6 -120391914648
1 0 0
1 8 -160522552864
1 -30 601959573238
1 -24 481567658591
1 -20 401306382159
1 -17 341110424835
1 -2 40130638216
1 -30 601959573238
1 -6 120391914648
1 6 -120391914648
1 -22 441437020375
1 -18 361175743943
1 -21 421371701267
1 -30 601959573238
1 -18 361175743943
1 -22 441437020375
1 -16 321045105727
1 -22 441437020375
1 14 -280914467511
1 -27 541763615915
1 -22 441437020375
1 -30 601959573238
1 -18 361175743943
1 -30 601959573238
1 17 -341110424835
1 -10 200653191079
1 -8 160522552864
1 -28 561828935023
1 -12 240783829295
1 -7 140457233756
1 -30 601959573238
1 -6 120391914648
1 -18 361175743943
1 -23 461502339483
1 7 -140457233756
1 -30 601959573238
1 -20 401306382159
1 6 -120391914648
1 -24 481567658591
1 -17 341110424835
1 -18 361175743943
1 -30 601959573238
1 -18 361175743943
1 -2 40130638216
1 -7 140457233756
1 -31 622024892346
1 -22 441437020375
1 -6 120391914648
1 -30 601959573238
1 -23 461502339483
1 -8 160522552864
1 -6 120391914648
1 -28 561828935023
1 -18 361175743943
1 9 -180587871972
1 -6 120391914648
1 -22 441437020375
1 -25 501632977699
1 -16 321045105727
1 -12 240783829295
1 -30 601959573238
1 -16 321045105727
1 -21 421371701267
1 -7 140457233756
1 -29 581894254131
1 -30 601959573238
1 -18 361175743943
1 -18 361175743943
1 -22 441437020375
1 -28 561828935023
1 -30 601959573238
1 -32 642090211454
1 -22 441437020375
1 -27 541763615915
1 -23 461502339483
1 -17 341110424835
1 -22 441437020375
1 -16 321045105727
1 6 -120391914648
1 -29 581894254131
1 -20 401306382159
1 6 -120391914648
1 -30 601959573238
1 -11 220718510187
1 -21 421371701267
1 -24 481567658591
1 -16 321045105727
1 -18 361175743943
1 -22 441437020375
1 -30 601959573238
1 -22 441437020375
1 4 -80261276432
1 -23 461502339483
1 -22 441437020375
1 -6 120391914648
1 -5 100326595540
1 -20 401306382159
1 -27 541763615915
1 -23 461502339483
1 -8 160522552864
1 3 -60195957324
1 -27 541763615915
1 -15 300979786619
1 -24 481567658591
1 -12 240783829295
1 -20 401306382159
1 -26 521698296807
1 9 -180587871972
1 -16 321045105727
1 -10 200653191079
1 6 -120391914648
1 -30 601959573238
1 6 -120391914648
1 -23 461502339483
1 -24 481567658591
1 -16 321045105727
1 -26 521698296807
1 0 0
1 -26 521698296807
1 -20 401306382159
1 -16 321045105727
1 -10 200653191079
1 -2 40130638216
1 -6 120391914648
1 -22 441437020375
1 -27 541763615915
1 -9 180587871972
1 4 -80261276432
1 -15 300979786619
1 -18 361175743943
1 -33 662155530562
1 -29 581894254131
1 -26 521698296807
1 -26 521698296807
1 -18 361175743943
1 -14 280914467511
1 -27 541763615915
1 -10 200653191079
1 -24 481567658591
1 18 -361175743943
1 -10 200653191079
1 10 -200653191079
1 -15 300979786619
1 2 -40130638216
1 -24 481567658591
1 -17 341110424835
1 6 -120391914648
1 -15 300979786619
1 -33 662155530562
1 -12 240783829295
1 -20 401306382159
1 -22 441437020375
1 -18 361175743943
1 -18 361175743943
1 -30 601959573238
1 -26 521698296807
1 -18 361175743943
1 -32 642090211454
1 -24 481567658591
1 -24 481567658591
1 -18 361175743943
1 -26 521698296807
1 -22 441437020375
1 -5 100326595540
1 -30 601959573238
1 -8 160522552864
1 -6 120391914648
1 -11 220718510187
1 3 -60195957324
1 -6 120391914648
1 6 -120391914648
1 -15 300979786619
1 -29 581894254131
1 -18 361175743943
1 -22 441437020375
1 -30 601959573238
1 -27 541763615915
1 5 -100326595540
1 -20 401306382159
1 -24 481567658591
1 -17 341110424835
1 -22 441437020375
1 -24 481567658591
1 -28 561828935023
1 -21 421371701267
1 -6 120391914648
1 -20 401306382159
1 -26 521698296807
1 -16 321045105727
1 -9 180587871972
1 -8 160522552864
1 -6 120391914648
1 -12 240783829295
1 9 -180587871972
1 -26 521698296807
1 -6 120391914648
1 -22 441437020375
1 -30 601959573238
1 -18 361175743943
1 -24 481567658591
1 -10 200653191079
1 -28 561828935023
1 -22 441437020375
1 -18 361175743943
1 -3 60195957324
END
