rootmask = 131072
rows = 0,1
h = 0
u = 23568
v = 37900
raw_det = 948
raw_index = 1
determinant = 948
root_reps_orthogonal = 1
norm4_reps_orthogonal = 1311

gram =
[[12 5 0 1 -4 0 -2]
 [5 14 3 3 -2 4 0]
 [0 3 4 2 -1 1 0]
 [1 3 2 4 -1 1 0]
 [-4 -2 -1 -1 2 0 1]
 [0 4 1 1 0 2 0]
 [-2 0 0 0 1 0 4]]

basis_coords =
[[1 1 1 0 0 -1 0 -1 0 -1 1 1 -1 0 1 -1 -1 0 1 1 0 0 -1 0]
 [1 0 1 -2 2 1 -2 -2 0 1 1 0 0 0 0 -1 -1 -1 -1 1 1 1 -2 -4]
 [0 -1 0 0 1 0 0 1 -1 1 0 -2 0 0 -1 1 1 0 -1 -1 0 1 1 -1]
 [-1 0 1 -1 0 0 -1 0 -2 0 0 -1 0 1 0 1 1 0 -1 -1 0 0 1 -1]
 [0 0 0 0 0 1 0 0 0 0 0 0 0 0 0 0 0 0 0 0 0 0 0 0]
 [0 0 1 0 1 1 -1 -1 0 0 1 0 0 0 0 -1 0 0 0 1 0 0 -1 -2]
 [0 0 -1 0 0 -1 1 0 0 0 0 -1 0 1 -1 1 0 0 0 0 0 0 0 0]]

basis_hnf =
[[1 0 0 0 0 0 1 1 -1 0 0 -1 -1 0 0 1 0 0 0 -1 0 1 1 1]
 [0 1 0 0 0 0 0 -2 1 -1 1 1 0 1 0 -1 -1 0 1 2 0 -1 -2 -1]
 [0 0 1 0 0 0 3 3 -7 -1 1 -7 -3 4 -2 6 3 1 -1 -4 -1 2 5 1]
 [0 0 0 1 0 0 3 2 -4 -1 1 -5 -2 3 -2 4 2 1 0 -2 -1 1 3 1]
 [0 0 0 0 1 0 0 -1 0 0 1 -1 0 1 -1 0 0 0 0 1 0 0 -1 -2]
 [0 0 0 0 0 1 0 0 0 0 0 0 0 0 0 0 0 0 0 0 0 0 0 0]
 [0 0 0 0 0 0 4 3 -7 -1 1 -8 -3 5 -3 7 3 1 -1 -4 -1 2 5 1]]
