rootmask = 4096
rows = 0,3
h = 0
u = 4150
v = 29208
raw_det = 948
raw_index = 1
determinant = 948
root_reps_orthogonal = 1
norm4_reps_orthogonal = 1311

gram =
[[26 7 -6 0 -3 -1 -1]
 [7 16 1 4 -2 4 -3]
 [-6 1 4 2 -1 1 0]
 [0 4 2 6 -1 2 -1]
 [-3 -2 -1 -1 2 0 1]
 [-1 4 1 2 0 2 0]
 [-1 -3 0 -1 1 0 4]]

basis_coords =
[[1 3 1 0 -2 -2 -1 -4 2 -3 1 4 0 0 2 -2 -3 -1 2 3 0 -2 -3 1]
 [1 1 2 -1 2 2 -3 -3 0 0 2 1 0 -1 1 -2 -1 -1 0 2 0 0 -3 -4]
 [0 -1 0 0 1 0 0 1 -1 1 0 -2 0 0 -1 1 1 0 -1 -1 0 1 1 -1]
 [-1 -1 2 0 0 1 -1 -1 0 0 1 0 1 0 0 -1 0 0 -1 1 0 0 0 -2]
 [0 0 0 0 0 1 0 0 0 0 0 0 0 0 0 0 0 0 0 0 0 0 0 0]
 [0 0 1 0 1 1 -1 -1 0 0 1 0 0 0 0 -1 0 0 0 1 0 0 -1 -2]
 [0 0 -1 0 0 -1 1 0 0 0 0 -1 0 1 -1 1 0 0 0 0 0 0 0 0]]

basis_hnf =
[[1 0 0 0 0 0 0 0 -1 0 0 -2 0 0 -1 2 0 -1 -1 -1 0 1 1 0]
 [0 1 0 0 0 0 0 -2 1 -1 1 1 0 1 0 -1 -1 0 1 2 0 -1 -2 -1]
 [0 0 1 0 0 0 0 -3 0 -1 2 -2 1 2 -2 1 -1 -1 -1 2 0 0 -1 -3]
 [0 0 0 1 0 0 0 2 0 0 -1 1 -1 -1 1 -1 1 1 1 -1 0 0 1 2]
 [0 0 0 0 1 0 0 -1 0 0 1 -1 0 1 -1 0 0 0 0 1 0 0 -1 -2]
 [0 0 0 0 0 1 0 0 0 0 0 0 0 0 0 0 0 0 0 0 0 0 0 0]
 [0 0 0 0 0 0 1 -3 0 -1 2 -3 1 3 -3 2 -1 -1 -1 2 0 0 -1 -3]]
