rootmask = 2
rows = 0,1
h = 0
u = 35266
v = 3367
raw_det = 948
raw_index = 1
determinant = 948
root_reps_orthogonal = 1
norm4_reps_orthogonal = 1311

gram =
[[26 8 -7 2 -2 0 -2]
 [8 14 0 2 -2 3 -4]
 [-7 0 4 1 -1 1 0]
 [2 2 1 4 -1 1 0]
 [-2 -2 -1 -1 2 0 1]
 [0 3 1 1 0 2 0]
 [-2 -4 0 0 1 0 4]]

basis_coords =
[[0 3 2 0 -1 -1 -2 -5 2 -3 2 5 0 0 2 -4 -2 0 2 4 0 -3 -4 0]
 [1 1 3 0 1 3 -3 -2 0 -1 2 2 -1 -1 2 -3 -1 -1 1 2 0 0 -2 -3]
 [0 -1 0 0 1 0 0 1 -1 1 0 -2 0 0 -1 1 1 0 -1 -1 0 1 1 -1]
 [-1 0 1 -1 0 0 0 -1 -1 0 0 0 0 1 0 0 0 0 -1 0 0 0 0 -1]
 [0 0 0 0 0 1 0 0 0 0 0 0 0 0 0 0 0 0 0 0 0 0 0 0]
 [0 0 1 0 1 1 -1 -1 0 0 1 0 0 0 0 -1 0 0 0 1 0 0 -1 -2]
 [0 0 -1 0 0 -1 1 0 0 0 0 -1 0 1 -1 1 0 0 0 0 0 0 0 0]]

basis_hnf =
[[1 0 0 0 0 0 0 1 0 0 0 0 -1 0 1 0 -1 -1 1 0 0 1 0 -1]
 [0 1 0 0 0 0 0 -2 0 -1 1 0 0 1 -1 0 0 0 0 1 0 -1 -1 0]
 [0 0 1 0 0 0 -1 0 0 0 0 1 0 -1 1 -1 0 0 0 0 0 0 0 0]
 [0 0 0 1 0 0 -1 0 0 0 0 0 1 -2 -1 0 2 1 -1 -1 0 -1 1 3]
 [0 0 0 0 1 0 0 -1 0 0 1 -1 0 1 -1 0 0 0 0 1 0 0 -1 -2]
 [0 0 0 0 0 1 0 0 0 0 0 0 0 0 0 0 0 0 0 0 0 0 0 0]
 [0 0 0 0 0 0 0 0 1 0 0 1 0 0 1 -1 -1 0 1 1 0 0 -1 -1]]
