1 0 1
-1.3940235104471879 1 -1.4148678421839089
0.24151851226396442 -0.50857061264192827 0.2515444801720797
0.24107461945807107 -0.50332231143878781 0.25157654130169671
0.24107461945807104 -0.50332231143878792 0.2515765413016966
0.2517155388323527 -0.37535482187734892 0.25906045740198907
0.24107461945807102 -0.50332231143878803 0.25157654130169665
0.24179934391358801 -0.49836399419366445 0.25161975179426993
-0.65809524210154235 0.47888022799136698 -0.66794681321303706
0.19290123509733484 -0.30966986093325621 0.19874973045073796
0.19233840074916703 -0.30301527192564082 0.19879038239361677
0.19233840074916697 -0.30301527192564071 0.19879038239361665
0.20651527967378672 -0.13252440154231615 0.20876119118409497
0.19233840074916697 -0.30301527192564076 0.19879038239361671
0.19326020408176153 -0.29670860830221546 0.19884534338707271
0.29425699037586522 -0.72468897207843475 0.30876105408066401
0.2938958197279653 -0.72041872412499675 0.30878714042133548
0.29389581972796525 -0.72041872412499675 0.30878714042133543
0.30227236560045739 -0.61968254628214803 0.31467848912110086
0.29389581972796525 -0.72041872412499675 0.30878714042133548
0.29448420516701751 -0.7163931918733617 0.30882222192638314
0.010453615520637097 0.44453560146526994 0.0017911192094751426
0.010453615520636648 0.44453560146526688 0.0017911192094767858
-0.048580899119598266 -0.26541232411037524 -0.039728728751866407
0.010453615520636788 0.44453560146526727 0.0017911192094725032
-0.051524642337234874 0.020501525589907428 -0.0019042315276857377
0.1358257888360285 -0.1420401433043014 0.13939211719937358
-0.045674343509253139 -0.29977755622100832 -0.039938661093470031
0.20032059062102625 -0.37613275615415087 -0.090863410123993391
-0.013119145537597179 -0.4335802085239317 -0.0046781526063434005
-0.045674343509253187 -0.29977755622100838 -0.039938661093469982
-0.42176724969189644 -0.1281557463377824 -0.055055614826358498
-0.013119145537596934 -0.43358020852393525 -0.0046781526063416744
0.045674343509253167 0.29977755622100843 0.039938661093470169
0.050748952696485661 0.33449629939818903 0.04024122624209691
-0.013119145537597013 -0.43358020852393386 -0.0046781526063461934
