-1 0 1
0.25270517561610334 1 0.29889921151573012
2.6424569695817601e-07 1.0493005223219165e-07 -5.4586364751705636e-08
3.1053346252186364e-07 2.3295750901720589e-07 -7.7303953387839317e-08
1.2234901960359522e-07 2.6194507901722646e-07 9.2539624567457434e-08
2.6683037125705839e-07 -1.4401434959110719e-08 -2.3981740948522066e-07
2.5668336682102763e-07 -1.7980335769506582e-07 -2.0113671643486384e-07
1.5110903924928279e-07 -9.3611220148327706e-08 2.3228774046788892e-08
0.25270517561609401 0.99999999999998801 0.29889921151573545
2.6424569947715718e-07 1.0493005009081766e-07 -5.4586372604235813e-08
3.1053346622786519e-07 2.3295750869039604e-07 -7.7303958384052635e-08
1.2234902413364289e-07 2.6194507993747079e-07 9.2539617427634239e-08
2.6683037242327072e-07 -1.4401428658737187e-08 -2.3981740747178523e-07
2.5668337973889354e-07 -1.7980332924605266e-07 -2.0113671345422952e-07
1.5110906022851203e-07 -9.3611211991715348e-08 2.3228761446041967e-08
-0.25270517561609224 -0.99999999999999478 -0.2988992115157309
-0.25270517561612632 -0.9999999999999446 -0.29889921151573201
-0.25270517561609168 -0.99999999999999611 -0.29889921151571819
-0.25270517561610439 -0.99999999999997458 -0.29889921151573984
-0.25270517561609113 -0.99999999999998157 -0.29889921151574417
-0.25270517561609041 -0.99999999999998124 -0.29889921151572518
1.6251978811693711e-07 5.6417088609934512e-08 6.0472143354463254e-09
2.3284291241041131e-08 -1.6584494971903239e-09 1.3073808126458365e-07
2.8015424607765674e-08 -5.3495848964140714e-08 -1.3904222726910018e-07
-1.3608738834878487e-07 -1.8718198113718702e-07 -4.9780751303002953e-08
-1.4852697090290852e-07 1.676014013449491e-08 1.4945343197710561e-07
-8.0694465779238403e-08 -3.4682876399294941e-07 -1.0328454240901872e-08
-1.9230929808104673e-07 -1.9920246052023563e-07 1.2439500985649703e-07
-3.8510712808105369e-07 8.6730922581364338e-08 1.584265351306101e-07
-3.3546137536887896e-07 3.848661784571231e-08 2.7607826213402773e-07
-2.7569974741388189e-07 4.7569725078135875e-08 -9.2738812254338795e-08
-1.17147266823337e-07 -3.7099783392445772e-08 5.0645797420331425e-08
-1.3548875766126554e-07 9.1288740631827883e-08 5.1245961298468575e-08
-1.4630682208429641e-07 -1.9804117441340437e-07 1.1769230257295868e-07
-1.8284420759702323e-07 1.556704220864631e-07 2.2843331814810348e-07
-4.3556737334869263e-07 -1.6678707163225646e-07 3.021653671027165e-07
