0 0 0 0 0 0 : 1330 1331 1336 1337 1380 1381 1400 1401 1406 1407 1444 1445 1478 1479 1482 1483 1506 1507 1556 1557 1626 1627 1688 1689 1704 1705 1710 1711 1756 1757 1834 1835 1842 1843 1902 1903 1940 1941 1976 1977 1978 1979 1980 1981 1986 1987 1992 1993 1996 1997 2016 2017 2018 2019 2020 2021 2026 2027 2028 2029 2032 2033 2050 2051 2054 2055 2058 2059 2062 2063 2072 2073 2074 2075 2084 2085 2088 2089 2092 2093 2096 2097 2114 2115 2118 2119 2120 2121 2126 2127 2128 2129 2130 2131 2150 2151 2154 2155 2160 2161 2166 2167 2168 2169 2178 2179 2182 2183 2186 2187 2198 2199 2224 2225 2236 2237 2254 2255 2260 2261 2266 2267 2270 2271 2306 2307 2312 2313 2316 2317 2324 2325 2330 2331 2332 2333 2364 2365 2368 2369 2374 2375 2394 2395 2430 2431 2432 2433 2434 2435 2450 2451 2504 2505 2512 2513 2518 2519 2584 2585 2592 2593 2600 2601
0 0 0 0 0 1 : 393
0 0 0 0 0 2 : 861 892 901 909 953 957 1010 1044
0 0 0 0 0 3 : 407 444 638 776 1069 1199
0 0 0 0 0 5 : 1653 1680 1720 1726 1737 1779 1808 1829 1848 1868 1874 1878 1916 2359
0 0 0 0 0 9 : 1250
0 0 0 0 0 11 : 1251
0 0 0 0 0 15 : 1652 1681 1721 1727 1736 1778 1809 1828 1849 1869 1875 1879 1917 2358
0 0 0 0 0 17 : 406 445 639 777 1068 1198
0 0 0 0 0 18 : 860 893 900 908 952 956 1011 1045
0 0 0 0 0 19 : 392
0 0 0 0 1 1 : 1101
0 0 0 0 1 2 : 408 434 533 551 563 567 627 661 671 725 743 753
0 0 0 0 1 5 : 1467 1729 2003 2008 2138 2145 2342 2356 2440 2462 2469 2495 2557 2568
0 0 0 0 1 7 : 501 557 637 779 795 902
0 0 0 0 1 8 : 862 1016 1071 1195
0 0 0 0 1 9 : 203
0 0 0 0 1 10 : 1342 1343 1388 1389 1390 1391 1394 1395 1402 1403 1408 1409 1430 1431 1432 1433 1446 1447 1480 1481 1484 1485 1510 1511 1520 1521 1570 1571 1622 1623 1624 1625 1646 1647 1654 1655 1658 1659 1668 1669 1678 1679 1702 1703 1706 1707 1752 1753 1788 1789 1796 1797 1832 1833 1840 1841 1866 1867 1882 1883 1884 1885 1932 1933 2052 2053 2094 2095 2256 2257 2314 2315 2334 2335 2376 2377 2596 2597 2608 2609
0 0 0 0 1 11 : 202
0 0 0 0 1 12 : 863 1017 1070 1194
0 0 0 0 1 13 : 500 556 636 778 794 903
0 0 0 0 1 15 : 1466 1728 2002 2009 2139 2144 2343 2357 2441 2463 2468 2494 2556 2569
0 0 0 0 1 18 : 409 435 532 550 562 566 626 660 670 724 742 752
0 0 0 0 1 19 : 1100
0 0 0 1 0 2 : 1352 1498 1691 1925 2036 2110 2208 2344 2398 2488 2491 2545
0 0 0 1 0 8 : 106 228
0 0 0 1 0 9 : 829 875 911 913 963 977 989 1023 1257 1271
0 0 0 1 0 11 : 828 874 910 912 962 976 988 1022 1256 1270
0 0 0 1 0 12 : 107 229
0 0 0 1 0 18 : 1353 1499 1690 1924 2037 2111 2209 2345 2399 2489 2490 2544
0 0 0 1 1 0 : 584 585 652 653
0 0 0 1 1 1 : 1058 1304
0 0 0 1 1 2 : 139
0 0 0 1 1 3 : 1365 1473 2476
0 0 0 1 1 6 : 492 964 1175
0 0 0 1 1 7 : 111 209 274
0 0 0 1 1 8 : 1437 1517 1526 1535 1583 1585 1599 1632 1636 1639 1661 1665 1674 1782
0 0 0 1 1 9 : 597
0 0 0 1 1 11 : 596
0 0 0 1 1 12 : 1436 1516 1527 1534 1582 1584 1598 1633 1637 1638 1660 1664 1675 1783
0 0 0 1 1 13 : 110 208 275
0 0 0 1 1 14 : 493 965 1174
0 0 0 1 1 17 : 1364 1472 2477
0 0 0 1 1 18 : 138
0 0 0 1 1 19 : 1059 1305
0 0 1 0 0 2 : 1372 1491 1695 1909 2039 2109 2228 2387 2400 2411 2417 2541
0 0 1 0 0 4 : 769 771 781 785 801 811 813 827 881 1026 1067 1077 1078 1091 1116 1125 1148 1151 1159 1179 1187 1215 1234 1245 1268 1274 1296 1314 1316 1324
0 0 1 0 0 5 : 573 643
0 0 1 0 0 7 : 1676 1686 1741 1774 1855 1859 1860 1901 2045 2071 2077 2103 2217 2289 2290 2293 2295 2473 2481 2525
0 0 1 0 0 8 : 120 221 279 341
0 0 1 0 0 9 : 851 871 914 931 973 979 981 1039 1262 1286
0 0 1 0 0 11 : 850 870 915 930 972 978 980 1038 1263 1287
0 0 1 0 0 12 : 121 220 278 340
0 0 1 0 0 13 : 1677 1687 1740 1775 1854 1858 1861 1900 2044 2070 2076 2102 2216 2288 2291 2292 2294 2472 2480 2524
0 0 1 0 0 15 : 572 642
0 0 1 0 0 16 : 768 770 780 784 800 810 812 826 880 1027 1066 1076 1079 1090 1117 1124 1149 1150 1158 1178 1186 1214 1235 1244 1269 1275 1297 1315 1317 1325
0 0 1 0 0 18 : 1373 1490 1694 1908 2038 2108 2229 2386 2401 2410 2416 2540
0 0 1 0 1 0 : 530 531 538 539 558 559 578 579 580 581 582 583 598 599 600 601 606 607 688 689 722 723 730 731
0 0 1 0 1 1 : 1082 1164 1236 1241 1261 1283 1299 1307 1308 1326
0 0 1 0 1 2 : 15 43 118 130 140 156 194 197 218 266 378 390
0 0 1 0 1 3 : 1359 1361 1366 1375 1385 1420 1427 1440 1475 1495 1503 1505 2046 2101 2220 2350 2402 2470 2474 2522
0 0 1 0 1 5 : 744 748
0 0 1 0 1 6 : 832 882 923 924 966 982 994 1029 1064 1074 1113 1120 1156 1172 1184 1203
0 0 1 0 1 8 : 1586 1640 2280 2418
0 0 1 0 1 12 : 1587 1641 2281 2419
0 0 1 0 1 14 : 833 883 922 925 967 983 995 1028 1065 1075 1112 1121 1157 1173 1185 1202
0 0 1 0 1 15 : 745 749
0 0 1 0 1 17 : 1358 1360 1367 1374 1384 1421 1426 1441 1474 1494 1502 1504 2047 2100 2221 2351 2403 2471 2475 2523
0 0 1 0 1 18 : 14 42 119 131 141 157 195 196 219 267 379 391
0 0 1 0 1 19 : 1083 1165 1237 1240 1260 1282 1298 1306 1309 1327
0 0 1 1 0 0 : 1990 1991 2022 2023 2124 2125 2156 2157 2322 2323 2370 2371 2428 2429 2446 2447 2448 2449 2514 2515 2590 2591 2614 2615
0 0 1 1 0 2 : 773 791 841 891 897 904 947 955 1005 1037 1248 1278
0 0 1 1 0 5 : 1609 1682 1723 1730 1764 1793 1811 1838 1851 1871 1895 1896 1957 2565
0 0 1 1 0 7 : 853 997 1057
0 0 1 1 0 8 : 450 460
0 0 1 1 0 12 : 451 461
0 0 1 1 0 13 : 852 996 1056
0 0 1 1 0 15 : 1608 1683 1722 1731 1765 1792 1810 1839 1850 1870 1894 1897 1956 2564
0 0 1 1 0 18 : 772 790 840 890 896 905 946 954 1004 1036 1249 1279
0 0 1 1 1 0 : 126 127 200 201
0 0 1 1 1 2 : 625
0 0 1 1 1 5 : 56 60 1610 1614 2554 2560
0 0 1 1 1 8 : 766 839 842 846 864 898 929 940 960 970 1006 1008 1014 1055
0 0 1 1 1 10 : 1386 1387 1452 1453 1644 1645 1746 1747 1886 1887 2328 2329
0 0 1 1 1 12 : 767 838 843 847 865 899 928 941 961 971 1007 1009 1015 1054
0 0 1 1 1 15 : 57 61 1611 1615 2555 2561
0 0 1 1 1 18 : 624
0 1 0 0 0 1 : 676 764
0 1 0 0 0 4 : 511 849 1105
0 1 0 0 0 7 : 62 300 338 1418 1488 1619 1805 1888 2578
0 1 0 0 0 8 : 253 1738
0 1 0 0 0 9 : 1051 1247
0 1 0 0 0 10 : 570 571 710 711
0 1 0 0 0 11 : 1050 1246
0 1 0 0 0 12 : 252 1739
0 1 0 0 0 13 : 63 301 339 1419 1489 1618 1804 1889 2579
0 1 0 0 0 16 : 510 848 1104
0 1 0 0 0 19 : 677 765
0 1 0 0 1 1 : 834 854 856 888 938 950 984 1000 1233 1323
0 1 0 0 1 2 : 308 336 1813 1880
0 1 0 0 1 3 : 1716 1758 1763 1806 1847 1893 1951 1964 2174 2275 2299 2300 2308 2320 2360 2426 2500 2581 2586 2610
0 1 0 0 1 17 : 1717 1759 1762 1807 1846 1892 1950 1965 2175 2274 2298 2301 2309 2321 2361 2427 2501 2580 2587 2611
0 1 0 0 1 18 : 309 337 1812 1881
0 1 0 0 1 19 : 835 855 857 889 939 951 985 1001 1232 1322
0 1 0 1 0 2 : 921 993 1110 1183
0 1 0 1 0 3 : 466 611 680 786 804 1034
0 1 0 1 0 5 : 7 10 17 18 21 25 30 72 79 86 99 103 142 350
0 1 0 1 0 8 : 417 431 544 561 577 590 592 595 702 736 746 750
0 1 0 1 0 9 : 1168 1500
0 1 0 1 0 10 : 112 113 116 117 136 137 154 155 158 159 182 183 192 193 212 213 226 227 242 243 258 259 262 263
0 1 0 1 0 11 : 1169 1501
0 1 0 1 0 12 : 416 430 545 560 576 591 593 594 703 737 747 751
0 1 0 1 0 15 : 6 11 16 19 20 24 31 73 78 87 98 102 143 351
0 1 0 1 0 17 : 467 610 681 787 805 1035
0 1 0 1 0 18 : 920 992 1111 1182
0 1 0 1 1 1 : 1266 2484
0 1 0 1 1 2 : 459 462 589 684
0 1 0 1 1 5 : 4 35 109 122 147 149 150 171 198 231 233 234 251 271
0 1 0 1 1 7 : 420 428 614 803 1132 1161
0 1 0 1 1 8 : 782 808 876 878 917 936 990 1024 1031 1040 1273 1312
0 1 0 1 1 10 : 2024 2025 2042 2043 2104 2105 2122 2123 2196 2197 2230 2231 2232 2233 2284 2285 2392 2393 2406 2407 2528 2529 2536 2537
0 1 0 1 1 12 : 783 809 877 879 916 937 991 1025 1030 1041 1272 1313
0 1 0 1 1 13 : 421 429 615 802 1133 1160
0 1 0 1 1 15 : 5 34 108 123 146 148 151 170 199 230 232 235 250 270
0 1 0 1 1 18 : 458 463 588 685
0 1 0 1 1 19 : 1267 2485
0 1 1 0 0 0 : 1354 1355 1438 1439 1592 1593 1780 1781 1922 1923 2348 2349
0 1 1 0 0 3 : 468 475 478 490 498 507 516 521 536 546 586 604 612 620 690 692 694 698 728 738
0 1 1 0 0 4 : 1253
0 1 1 0 0 5 : 23 80 1541 1630 2227 2552
0 1 1 0 0 8 : 650
0 1 1 0 0 10 : 134 135 224 225 314 315 364 365
0 1 1 0 0 12 : 651
0 1 1 0 0 15 : 22 81 1540 1631 2226 2553
0 1 1 0 0 16 : 1252
0 1 1 0 0 17 : 469 474 479 491 499 506 517 520 537 547 587 605 613 621 691 693 695 699 729 739
0 1 1 0 1 1 : 1265
0 1 1 0 1 2 : 647 687
0 1 1 0 1 5 : 1579 1696 1699 1777 1785 1795 1821 1865 1911 1912 1927 1968 1971 2382
0 1 1 0 1 7 : 419 432 487 504 617 755 817 1126 1189
0 1 1 0 1 10 : 2006 2007 2040 2041 2106 2107 2140 2141 2194 2195 2210 2211 2214 2215 2282 2283 2346 2347 2482 2483 2532 2533 2538 2539
0 1 1 0 1 13 : 418 433 486 505 616 754 816 1127 1188
0 1 1 0 1 15 : 1578 1697 1698 1776 1784 1794 1820 1864 1910 1913 1926 1969 1970 2383
0 1 1 0 1 18 : 646 686
0 1 1 0 1 19 : 1264
0 1 1 1 0 1 : 412 439 534 554 628 634 640 674 700 726
0 1 1 1 0 2 : 1616 1657 2319 2572
0 1 1 1 0 5 : 907 1018
0 1 1 1 0 7 : 1346 1392 1398 1412 1414 1416 1457 1460 1464 1496 1508 1512 2011 2137 2253 2338 2459 2496 2507 2594
0 1 1 1 0 8 : 26 54 128 133 165 189 204 247 248 254 381 397
0 1 1 1 0 12 : 27 55 129 132 164 188 205 246 249 255 380 396
0 1 1 1 0 13 : 1347 1393 1399 1413 1415 1417 1456 1461 1465 1497 1509 1513 2010 2136 2252 2339 2458 2497 2506 2595
0 1 1 1 0 15 : 906 1019
0 1 1 1 0 18 : 1617 1656 2318 2573
0 1 1 1 0 19 : 413 438 535 555 629 635 641 675 701 727
0 1 1 1 1 2 : 166 207 296 335
0 1 1 1 1 3 : 1715 1733 1735 1801 1845 1873 1914 1963 2012 2066 2080 2134 2303 2352 2363 2366 2454 2503 2510 2617
0 1 1 1 1 5 : 775 822
0 1 1 1 1 8 : 1405 1477 1718 1836 2061 2087 2188 2437 2521 2566 2575 2577
0 1 1 1 1 9 : 405 410 415 423 426 440 442 447 457 465
0 1 1 1 1 11 : 404 411 414 422 427 441 443 446 456 464
0 1 1 1 1 12 : 1404 1476 1719 1837 2060 2086 2189 2436 2520 2567 2574 2576
0 1 1 1 1 15 : 774 823
0 1 1 1 1 17 : 1714 1732 1734 1800 1844 1872 1915 1962 2013 2067 2081 2135 2302 2353 2362 2367 2455 2502 2511 2616
0 1 1 1 1 18 : 167 206 297 334
1 0 0 0 0 1 : 974 1162
1 0 0 0 0 2 : 288 343
1 0 0 0 0 3 : 1857 2478 2531
1 0 0 0 0 7 : 175 383 384
1 0 0 0 0 8 : 1397 1493 1693 1862 2049 2099 2234 2385 2389 2397 2413 2546
1 0 0 0 0 9 : 497
1 0 0 0 0 11 : 496
1 0 0 0 0 12 : 1396 1492 1692 1863 2048 2098 2235 2384 2388 2396 2412 2547
1 0 0 0 0 13 : 174 382 385
1 0 0 0 0 17 : 1856 2479 2530
1 0 0 0 0 18 : 289 342
1 0 0 0 0 19 : 975 1163
1 0 0 0 1 2 : 1443 1766 1982 2034 2112 2164 2296 2380 2414 2422 2425 2542 2549 2551
1 0 0 0 1 4 : 522 886 1115
1 0 0 0 1 8 : 216
1 0 0 0 1 9 : 1081 1205 1239 1255 1259 1285 1301 1303 1321 1329
1 0 0 0 1 10 : 552 553 602 603
1 0 0 0 1 11 : 1080 1204 1238 1254 1258 1284 1300 1302 1320 1328
1 0 0 0 1 12 : 217
1 0 0 0 1 16 : 523 887 1114
1 0 0 0 1 18 : 1442 1767 1983 2035 2113 2165 2297 2381 2415 2423 2424 2543 2548 2550
1 0 0 1 0 2 : 453 455 659 662
1 0 0 1 0 5 : 299 372 1332 1469 1725 1955
1 0 0 1 0 10 : 1514 1515 1524 1525 1530 1531 1548 1549 1554 1555 1574 1575 1606 1607 1628 1629 1634 1635 1650 1651 1662 1663 1672 1673 1988 1989 2064 2065 2082 2083 2158 2159 2200 2201 2238 2239 2246 2247 2262 2263 2372 2373 2452 2453 2516 2517 2618 2619
1 0 0 1 0 15 : 298 373 1333 1468 1724 1954
1 0 0 1 0 18 : 452 454 658 663
1 0 0 1 1 0 : 1334 1335 1338 1339 1344 1345 1362 1363 1376 1377 1410 1411 1422 1423 1434 1435 1448 1449 1450 1451 1454 1455 1458 1459 1522 1523 1546 1547 1552 1553 1572 1573 1602 1603 1604 1605 1648 1649 1670 1671 1742 1743 1744 1745 1748 1749 1750 1751 1786 1787 1826 1827 1830 1831 1906 1907 1918 1919 1930 1931 1936 1937 1944 1945 1994 1995 2152 2153 2202 2203 2326 2327 2336 2337 2456 2457 2508 2509 2606 2607
1 0 0 1 1 2 : 844 958 1096 1201
1 0 0 1 1 5 : 59 97 1565 1612 2248 2465
1 0 0 1 1 15 : 58 96 1564 1613 2249 2464
1 0 0 1 1 18 : 845 959 1097 1200
1 0 1 0 0 2 : 623 656
1 0 1 0 0 5 : 312 375 1351 1470 1685 1876
1 0 1 0 0 8 : 788 796 858 894 926 934 986 1002 1012 1042 1277 1294
1 0 1 0 0 10 : 2030 2031 2056 2057 2090 2091 2116 2117 2184 2185 2264 2265 2268 2269 2272 2273 2310 2311 2588 2589 2602 2603 2612 2613
1 0 1 0 0 12 : 789 797 859 895 927 935 987 1003 1013 1043 1276 1295
1 0 1 0 0 15 : 313 374 1350 1471 1684 1877
1 0 1 0 0 18 : 622 657
1 0 1 0 1 0 : 1340 1341 1486 1487 1576 1577 1700 1701 1934 1935 2604 2605
1 0 1 0 1 2 : 819 1073 1093 1095 1099 1131 1143 1153 1155 1181 1190 1193 1218 1318
1 0 1 0 1 5 : 1379 1853 2005 2069 2079 2143 2207 2245 2251 2279 2355 2467 2493 2559
1 0 1 0 1 7 : 1021 1288 1291
1 0 1 0 1 8 : 565
1 0 1 0 1 10 : 124 125 244 245
1 0 1 0 1 12 : 564
1 0 1 0 1 13 : 1020 1289 1290
1 0 1 0 1 15 : 1378 1852 2004 2068 2078 2142 2206 2244 2250 2278 2354 2466 2492 2558
1 0 1 0 1 18 : 818 1072 1092 1094 1098 1130 1142 1152 1154 1180 1191 1192 1219 1319
1 0 1 1 0 1 : 873 1134
1 0 1 1 0 2 : 144 190 318 331
1 0 1 1 0 3 : 1370 1560 1600 1773 2405 2526
1 0 1 1 0 7 : 67 92 323
1 0 1 1 0 9 : 512
1 0 1 1 0 11 : 513
1 0 1 1 0 13 : 66 93 322
1 0 1 1 0 17 : 1371 1561 1601 1772 2404 2527
1 0 1 1 0 18 : 145 191 319 330
1 0 1 1 0 19 : 872 1135
1 0 1 1 1 1 : 718
1 0 1 1 1 2 : 84 89 1589 1597 2421 2442
1 0 1 1 1 3 : 41 186 265
1 0 1 1 1 4 : 836 866 868 885 943 945 969 1032 1089 1102 1119 1139 1171 1177 1209 1230
1 0 1 1 1 7 : 1369 1428 1643 1770 1898 2223
1 0 1 1 1 9 : 1049 1281
1 0 1 1 1 11 : 1048 1280
1 0 1 1 1 13 : 1368 1429 1642 1771 1899 2222
1 0 1 1 1 16 : 837 867 869 884 942 944 968 1033 1088 1103 1118 1138 1170 1176 1208 1231
1 0 1 1 1 17 : 40 187 264
1 0 1 1 1 18 : 85 88 1588 1596 2420 2443
1 0 1 1 1 19 : 719
1 1 0 0 0 0 : 178 179 240 241 316 317 352 353
1 1 0 0 0 1 : 831 1769
1 1 0 0 0 2 : 707 759
1 1 0 0 0 5 : 8 12 28 44 46 48 71 76 82 94 100 104 269 293
1 1 0 0 0 7 : 518 608 717 1061 1063 1123
1 1 0 0 0 8 : 806 1084 1086 1109 1136 1140 1147 1166 1206 1212 1220 1226 1228 1310
1 1 0 0 0 10 : 1356 1357 1424 1425 1590 1591 1818 1819 1920 1921 2218 2219
1 1 0 0 0 12 : 807 1085 1087 1108 1137 1141 1146 1167 1207 1213 1221 1227 1229 1311
1 1 0 0 0 13 : 519 609 716 1060 1062 1122
1 1 0 0 0 15 : 9 13 29 45 47 49 70 77 83 95 101 105 268 292
1 1 0 0 0 18 : 706 758
1 1 0 0 0 19 : 830 1768
1 1 0 0 1 0 : 1538 1539 1594 1595 2212 2213 2286 2287
1 1 0 0 1 2 : 1047 1225
1 1 0 0 1 3 : 489 515 756 814 1128 1216
1 1 0 0 1 5 : 75 277 280 290 302 320 324 327 344 347 348 355 356 376
1 1 0 0 1 6 : 1967
1 1 0 0 1 8 : 471 541 542 575 644 649 683 705 712 715 721 733 734 762
1 1 0 0 1 9 : 1243 2409
1 1 0 0 1 10 : 38 39 90 91 152 153 366 367 388 389 400 401
1 1 0 0 1 11 : 1242 2408
1 1 0 0 1 12 : 470 540 543 574 645 648 682 704 713 714 720 732 735 763
1 1 0 0 1 14 : 1966
1 1 0 0 1 15 : 74 276 281 291 303 321 325 326 345 346 349 354 357 377
1 1 0 0 1 17 : 488 514 757 815 1129 1217
1 1 0 0 1 18 : 1046 1224
1 1 0 1 0 1 : 1053 1292
1 1 0 1 0 3 : 1383 1462 1542 1815 1949 2498
1 1 0 1 0 7 : 50 160 237
1 1 0 1 0 8 : 2193 2563
1 1 0 1 0 9 : 631
1 1 0 1 0 11 : 630
1 1 0 1 0 12 : 2192 2562
1 1 0 1 0 13 : 51 161 236
1 1 0 1 0 17 : 1382 1463 1543 1814 1948 2499
1 1 0 1 0 19 : 1052 1293
1 1 0 1 1 0 : 932 933 998 999
1 1 0 1 1 2 : 2276
1 1 0 1 1 5 : 792 824
1 1 0 1 1 6 : 0 667
1 1 0 1 1 14 : 1 666
1 1 0 1 1 15 : 793 825
1 1 0 1 1 18 : 2277
1 1 1 0 0 2 : 173 305
1 1 1 0 0 3 : 1519 1529 1544 1562 1566 1568 1620 1667 1709 1755 1791 1799 1803 1822 1891 1939 1947 1959 1973 1975
1 1 1 0 0 5 : 1145 1196
1 1 1 0 0 6 : 485 949 1222
1 1 1 0 0 8 : 1348 1929 1999 2000 2146 2149 2171 2190 2205 2243 2341 2439 2461 2571
1 1 1 0 0 9 : 424 436 549 569 633 664 673 679 709 741
1 1 1 0 0 11 : 425 437 548 568 632 665 672 678 708 740
1 1 1 0 0 12 : 1349 1928 1998 2001 2147 2148 2170 2191 2204 2242 2340 2438 2460 2570
1 1 1 0 0 14 : 484 948 1223
1 1 1 0 0 15 : 1144 1197
1 1 1 0 0 17 : 1518 1528 1545 1563 1567 1569 1621 1666 1708 1754 1790 1798 1802 1823 1890 1938 1946 1958 1972 1974
1 1 1 0 0 18 : 172 304
1 1 1 0 1 1 : 477 480 483 495 503 508 524 526 668 696
1 1 1 0 1 2 : 1550 2240
1 1 1 0 1 5 : 798 820
1 1 1 0 1 6 : 2 654
1 1 1 0 1 7 : 1712 1760 1816 1824 1904 1942 1952 1960 1984 2015 2133 2162 2172 2176 2181 2258 2304 2582 2598 2620
1 1 1 0 1 8 : 52 282 284 294 306 310 328 332 358 360 362 369 370 395
1 1 1 0 1 12 : 53 283 285 295 307 311 329 333 359 361 363 368 371 394
1 1 1 0 1 13 : 1713 1761 1817 1825 1905 1943 1953 1961 1985 2014 2132 2163 2173 2177 2180 2259 2305 2583 2599 2621
1 1 1 0 1 14 : 3 655
1 1 1 0 1 15 : 799 821
1 1 1 0 1 18 : 1551 2241
1 1 1 0 1 19 : 476 481 482 494 502 509 525 527 669 697
1 1 1 1 0 0 : 114 115 162 163 168 169 176 177 180 181 184 185 210 211 214 215 222 223 238 239 260 261 272 273
1 1 1 1 0 5 : 32 68 1532 1581 2378 2444
1 1 1 1 0 8 : 1106 1210
1 1 1 1 0 12 : 1107 1211
1 1 1 1 0 15 : 33 69 1533 1580 2379 2445
1 1 1 1 1 0 : 1536 1537 1558 1559 2390 2391 2534 2535
1 1 1 1 1 2 : 919
1 1 1 1 1 3 : 402 448 473 528 618 760
1 1 1 1 1 9 : 2486
1 1 1 1 1 10 : 36 37 64 65 256 257 286 287 386 387 398 399
1 1 1 1 1 11 : 2487
1 1 1 1 1 17 : 403 449 472 529 619 761
1 1 1 1 1 18 : 918
