22 -10 15 5 8 -4 14 -1 10 10 13 29 4 18 35 12 11
-10 12 -11 -2 -6 1 -7 2 -6 -5 -7 -15 3 -6 -20 -12 -11
15 -11 18 7 10 0 11 -3 10 11 8 20 -2 15 31 18 20
5 -2 7 6 5 2 4 -1 4 6 2 7 1 9 13 8 11
8 -6 10 5 8 1 6 -1 5 7 5 12 1 10 17 11 13
-4 1 0 2 1 4 -2 0 0 0 -3 -6 -1 0 -3 3 5
14 -7 11 4 6 -2 10 -1 7 7 8 19 2 12 24 9 9
-1 2 -3 -1 -1 0 -1 2 -1 -2 0 -2 2 -1 -4 -2 -3
10 -6 10 4 5 0 7 -1 8 5 5 12 -1 10 20 11 11
10 -5 11 6 7 0 7 -2 5 10 6 15 1 12 20 10 13
13 -7 8 2 5 -3 8 0 5 6 10 19 3 10 20 7 6
29 -15 20 7 12 -6 19 -2 12 15 19 44 6 24 48 15 14
4 3 -2 1 1 -1 2 2 -1 1 3 6 8 5 2 -4 -4
18 -6 15 9 10 0 12 -1 10 12 10 24 5 22 33 14 17
35 -20 31 13 17 -3 24 -4 20 20 20 48 2 33 66 29 31
12 -12 18 8 11 3 9 -2 11 10 7 15 -4 14 29 24 26
11 -11 20 11 13 5 9 -3 11 13 6 14 -4 17 31 26 32
