28 -18 8 -24 -2 -3 15 17 13 -14 23 6 5 -6 1 31 16
-18 22 -3 33 5 0 -8 -21 -9 23 -21 12 0 22 21 -37 -19
8 -3 6 0 3 -3 6 0 3 2 3 8 1 4 9 2 -1
-24 33 0 60 13 -3 -8 -38 -13 42 -34 32 1 43 49 -64 -36
-2 5 3 13 6 -2 1 -8 -2 10 -6 11 1 11 14 -13 -9
-3 0 -3 -3 -2 4 -2 2 0 -4 -1 -7 0 -4 -8 3 4
15 -8 6 -8 1 -2 10 6 7 -4 10 8 3 1 7 12 6
17 -21 0 -38 -8 2 6 26 9 -27 23 -19 1 -26 -30 42 23
13 -9 3 -13 -2 0 7 9 8 -9 11 1 2 -4 -1 17 10
-14 23 2 42 10 -4 -4 -27 -9 32 -22 26 1 32 37 -45 -26
23 -21 3 -34 -6 -1 10 23 11 -22 26 -7 3 -18 -17 39 21
6 12 8 32 11 -7 8 -19 1 26 -7 40 6 35 49 -29 -18
5 0 1 1 1 0 3 1 2 1 3 6 4 5 6 1 1
-6 22 4 43 11 -4 1 -26 -4 32 -18 35 5 40 48 -43 -24
1 21 9 49 14 -8 7 -30 -1 37 -17 49 6 48 66 -47 -28
31 -37 2 -64 -13 3 12 42 17 -45 39 -29 1 -43 -47 72 40
16 -19 -1 -36 -9 4 6 23 10 -26 21 -18 1 -24 -28 40 26
