# seed = 1002
# step = 5516
# prime = 7
# roots = 0
# n4 = 1320
42950 25291 38156 24953 18021 16525 10888 26770 17955 33220 20125 12292 13904 13529 37452 16151 40902
25291 15016 22605 14793 10675 9813 6428 15875 10631 19685 11906 7223 8231 7991 22145 9569 24255
38156 22605 34066 22283 16086 14776 9695 23913 16022 29659 17948 10908 12398 12043 33387 14422 36540
24953 14793 22283 14580 10523 9669 6340 15645 10480 19403 11739 7131 8113 7879 21837 9433 23905
18021 10675 16086 10523 7598 6978 4578 11293 7565 14006 8476 5152 5857 5688 15765 6810 17255
16525 9813 14776 9669 6978 6416 4201 10377 6949 12866 7782 4720 5379 5221 14474 6256 15855
10888 6428 9695 6340 4578 4201 2764 6803 4561 8440 5111 3115 3530 3432 9510 4104 10395
26770 15875 23913 15645 11293 10377 6803 16792 11247 20821 12599 7650 8706 8453 23432 10125 25655
17955 10631 16022 10480 7565 6949 4561 11247 7538 13948 8442 5132 5831 5666 15706 6784 17185
33220 19685 29659 19403 14006 12866 8440 20821 13948 25826 15627 9497 10797 10487 29067 12555 31815
20125 11906 17948 11739 8476 7782 5111 12599 8442 15627 9462 5757 6535 6349 17597 7599 19250
12292 7223 10908 7131 5152 4720 3115 7650 5132 9497 5757 3524 3974 3868 10712 4617 11690
13904 8231 12398 8113 5857 5379 3530 8706 5831 10797 6535 3974 4520 4389 12154 5248 13300
13529 7991 12043 7879 5688 5221 3432 8453 5666 10487 6349 3868 4389 4268 11813 5097 12915
37452 22145 33387 21837 15765 14474 9510 23432 15706 29067 17597 10712 12154 11813 32740 14134 35805
16151 9569 14422 9433 6810 6256 4104 10125 6784 12555 7599 4617 5248 5097 14134 6108 15470
40902 24255 36540 23905 17255 15855 10395 25655 17185 31815 19250 11690 13300 12915 35805 15470 39200
