# seed = 1002
# step = 7376
# prime = 5
# roots = 0
# n4 = 1320
2906992 1221523 652238 1556093 486159 474071 764667 896036 485561 273988 165801 775868 789668 448818 1321082 1145897 1687792
1221523 513346 274080 653928 204295 199233 321323 376550 204041 115130 69656 326003 331841 188591 555125 481544 709275
652238 274080 146346 349148 109081 106371 171570 201048 108947 61474 37198 174078 177178 100698 296412 257112 378700
1556093 653928 349148 833020 260248 253794 409330 479675 259925 146663 88739 415301 422723 240244 707172 613428 903525
486159 204295 109081 260248 81308 79288 127883 149858 81205 45821 27726 129752 132067 75058 220935 191645 282275
474071 199233 106371 253794 79288 77326 124706 146142 79189 44681 27032 126520 128789 73191 215444 186891 275275
764667 321323 171570 409330 127883 124706 201144 235703 127726 72070 43611 204085 207720 118057 347505 301429 443975
896036 376550 201048 479675 149858 146142 235703 276212 149672 84451 51099 239140 243416 138338 407207 353230 520275
485561 204041 108947 259925 81205 79189 127726 149672 81108 45763 27692 129592 131901 74966 220666 191409 281925
273988 115130 61474 146663 45821 44681 72070 84451 45763 25826 15627 73127 74427 42302 124512 108000 159075
165801 69656 37198 88739 27726 27032 43611 51099 27692 15627 9462 44257 45035 25599 75347 65349 96250
775868 326003 174078 415301 129752 126520 204085 239140 129592 73127 44257 207084 210754 119788 352592 305827 450450
789668 331841 177178 422723 132067 128789 207720 243416 131901 74427 45035 210754 214520 121919 358864 311288 458500
448818 188591 100698 240244 75058 73191 118057 138338 74966 42302 25599 119788 121919 69298 203963 176912 260575
1321082 555125 296412 707172 220935 215444 347505 407207 220666 124512 75347 352592 358864 203963 600370 520759 767025
1145897 481544 257112 613428 191645 186891 301429 353230 191409 108000 65349 305827 311288 176912 520759 451728 665350
1687792 709275 378700 903525 282275 275275 443975 520275 281925 159075 96250 450450 458500 260575 767025 665350 980000
