# seed = 1001
# step = 2915
# prime = 5
# roots = 0
# n4 = 1320
7815360 3189338 6345499 2370442 796405 9265389 7246294 353201 5970415 7185663 2500436 648249 3413123 1257764 9649191 1620891 10939424
3189338 1301530 2589524 967346 325001 3781095 2957126 144135 2436457 2932382 1020397 264540 1392851 513274 3937719 661466 4464250
6345499 2589524 5152146 1924635 646624 7522909 5883525 286764 4847609 5834291 2030193 526331 2771222 1021194 7834539 1316073 8882125
2370442 967346 1924635 718974 241558 2810256 2197851 107124 1810866 2179459 758392 196619 1035219 381484 2926664 491626 3318000
796405 325001 646624 241558 81162 944165 738417 35989 608396 732236 254793 66061 347803 128169 983272 165169 1114750
9265389 3781095 7522909 2810256 944165 10984588 8590835 418721 7078245 8518947 2964395 768522 4046407 1491097 11439618 1921669 12969250
7246294 2957126 5883525 2197851 738417 8590835 6718732 327474 5535755 6662509 2318394 601048 3164619 1166164 8946702 1502893 10143000
353201 144135 286764 107124 35989 418721 327474 15966 269816 324735 113004 29295 154249 56845 436066 73252 494375
5970415 2436457 4847609 1810866 608396 7078245 5535755 269816 4561086 5489432 1910201 495218 2607419 960825 7371463 1238296 8357125
7185663 2932382 5834291 2179459 732236 8518947 6662509 324735 5489432 6606760 2298997 596018 3138140 1156408 8871838 1490317 10058125
2500436 1020397 2030193 758392 254793 2964395 2318394 113004 1910201 2298997 800012 207398 1092003 402399 3087202 518604 3500000
648249 264540 526331 196619 66061 768522 601048 29295 495218 596018 207398 53772 283102 104324 800357 134446 907375
3413123 1392851 2771222 1035219 347803 4046407 3164619 154249 2607419 3138140 1092003 283102 1490588 549286 4214027 707883 4777500
1257764 513274 1021194 381484 128169 1491097 1166164 56845 960825 1156408 402399 104324 549286 202428 1552856 260843 1760500
9649191 3937719 7834539 2926664 983272 11439618 8946702 436066 7371463 8871838 3087202 800357 4214027 1552856 11913510 2001283 13506500
1620891 661466 1316073 491626 165169 1921669 1502893 73252 1238296 1490317 518604 134446 707883 260843 2001283 336200 2268875
10939424 4464250 8882125 3318000 1114750 12969250 10143000 494375 8357125 10058125 3500000 907375 4777500 1760500 13506500 2268875 15312500
