# seed = 1003
# step = 7101
# prime = 11
# roots = 0
# n4 = 1321
304 408 408 274 11 0 248 592 48 532 600 364 63 312 151 -29 648
408 642 585 377 -36 -12 325 870 83 758 837 452 60 504 208 -53 935
408 585 576 382 4 -7 341 835 68 749 837 495 77 446 207 -49 913
274 377 382 258 13 -3 232 550 41 499 560 343 57 284 138 -32 605
11 -36 4 13 36 4 21 -12 -12 9 18 49 18 -39 3 2 0
0 -12 -7 -3 4 4 -1 -12 -1 -10 -10 -1 2 -10 -1 4 -11
248 325 341 232 21 -1 214 487 34 446 506 320 56 241 125 -26 539
592 870 835 550 -12 -12 487 1226 105 1086 1216 700 106 670 302 -72 1331
48 83 68 41 -12 -1 34 105 14 86 94 42 3 68 25 -5 110
532 758 749 499 9 -10 446 1086 86 978 1094 652 103 577 269 -65 1188
600 837 837 560 18 -10 506 1216 94 1094 1238 746 122 634 306 -70 1331
364 452 495 343 49 -1 320 700 42 652 746 492 91 329 183 -38 781
63 60 77 57 18 2 56 106 3 103 122 91 22 41 30 -4 121
312 504 446 284 -39 -10 241 670 68 577 634 329 41 402 158 -41 715
151 208 207 138 3 -1 125 302 25 269 306 183 30 158 78 -15 330
-29 -53 -49 -32 2 4 -26 -72 -5 -65 -70 -38 -4 -41 -15 10 -77
648 935 913 605 0 -11 539 1331 110 1188 1331 781 121 715 330 -77 1452
