# generation = 4
# prime = 11
# roots = 0
# n4 = 1321
# parent = (2, 1313)
9385190 946795 6799979 4976439 509486 3725824 2741338 8847770 474314 4804600 9459203 7887879 1072103 9222608 5334563 2248104 10477108
946795 95542 685686 501799 51399 375642 276401 892084 47944 484505 953769 795331 108185 929893 537988 226661 1056330
6799979 685686 4930984 3608786 369114 2702551 1988222 6417216 342404 3483706 6860162 5720592 776411 6688906 3867423 1630588 7599405
4976439 501799 3608786 2641132 270128 1977916 1455111 4696546 250538 2549573 5020704 4186695 568192 4895383 2830379 1193373 5561765
509486 51399 369114 270128 27660 202238 148802 480262 25757 260804 513455 428163 58204 500610 289575 122028 568700
3725824 375642 2702551 1977916 202238 1481354 1089763 3517367 187368 1909271 3760051 3135456 425340 3666252 2119465 893758 4165425
2741338 276401 1988222 1455111 148802 1089763 801702 2587597 137928 1404637 2766160 2306663 312971 2697135 1559305 657502 3064325
8847770 892084 6417216 4696546 480262 3517367 2587597 8351820 445121 4533616 8928136 7445050 1010112 8705362 5032804 2122179 9890540
474314 47944 342404 250538 25757 187368 137928 445121 24362 242029 476041 396957 54295 464031 268898 113084 526955
4804600 484505 3483706 2549573 260804 1909271 1404637 4533616 242029 2461244 4846590 4041503 548613 4725575 2732382 1151967 5368770
9459203 953769 6860162 5020704 513455 3760051 2766160 8928136 476041 4846590 9544290 7958851 1079963 9306096 5380308 2268613 10572980
7887879 795331 5720592 4186695 428163 3135456 2306663 7445050 396957 4041503 7958851 6636778 900563 7760226 4486559 1891765 8816665
1072103 108185 776411 568192 58204 425340 312971 1010112 54295 548613 1079963 900563 122508 1052923 609176 256650 1196085
9222608 929893 6688906 4895383 500610 3666252 2697135 8705362 464031 4725575 9306096 7760226 1052923 9073882 5245920 2212009 10309200
5334563 537988 3867423 2830379 289575 2119465 1559305 5032804 268898 2732382 5380308 4486559 609176 5245920 3033468 1278802 5959855
2248104 226661 1630588 1193373 122028 893758 657502 2122179 113084 1151967 2268613 1891765 256650 2212009 1278802 539244 2513170
10477108 1056330 7599405 5561765 568700 4165425 3064325 9890540 526955 5368770 10572980 8816665 1196085 10309200 5959855 2513170 11712800
