# generation = 3
# prime = 23
# roots = 0
# n4 = 1321
# parent = (1, 1311)
11317082 6406606 4541067 2385312 5983191 1449258 9520420 6734877 6819329 2767105 9556694 3681166 5611518 7469936 6317431 776668 10942312
6406606 3626806 2570703 1350330 3387097 820434 5389526 3812633 3860435 1566461 5410061 2083892 3176690 4228739 3576290 439670 6194475
4541067 2570703 1822146 957125 2400808 581526 3820153 2702427 2736316 1110325 3834708 1477100 2251666 2997373 2534925 311646 4390700
2385312 1350330 957125 502756 1261084 305463 2006629 1419518 1437317 583226 2014274 775880 1182746 1574446 1331529 163698 2306325
5983191 3387097 2400808 1261084 3163244 766207 5033332 3560651 3605297 1462934 5052511 1946181 2966740 3949260 3339942 410615 5785075
1449258 820434 581526 305463 766207 185596 1219182 862470 873282 354353 1223827 471399 718610 956596 809000 99459 1401275
9520420 5389526 3820153 2006629 5033332 1219182 8009010 5665685 5736729 2327812 8039526 3096756 4720657 6284040 5314503 653369 9205175
6734877 3812633 2702427 1419518 3560651 862470 5665685 4007990 4058243 1646725 5687274 2190679 3339461 4445417 3759545 462202 6511875
6819329 3860435 2736316 1437317 3605297 873282 5736729 4058243 4109132 1667374 5758587 2218155 3381332 4501160 3806695 467999 6593525
2767105 1566461 1110325 583226 1462934 354353 2327812 1646725 1667374 676580 2336682 900074 1372056 1826453 1544658 189900 2675475
9556694 5410061 3834708 2014274 5052511 1223827 8039526 5687274 5758587 2336682 8070162 3108557 4738645 6307984 5334752 655859 9240250
3681166 2083892 1477100 775880 1946181 471399 3096756 2190679 2218155 900074 3108557 1197416 1825284 2429785 2054921 252633 3559250
5611518 3176690 2251666 1182746 2966740 718610 4720657 3339461 3381332 1372056 4738645 1825284 2782448 3703932 3132463 385106 5425700
7469936 4228739 2997373 1574446 3949260 956596 6284040 4445417 4501160 1826453 6307984 2429785 3703932 4930598 4169876 512646 7222575
6317431 3576290 2534925 1331529 3339942 809000 5314503 3759545 3806695 1544658 5334752 2054921 3132463 4169876 3526540 433555 6108225
776668 439670 311646 163698 410615 99459 653369 462202 467999 189900 655859 252633 385106 512646 433555 53304 750950
10942312 6194475 4390700 2306325 5785075 1401275 9205175 6511875 6593525 2675475 9240250 3559250 5425700 7222575 6108225 750950 10580000
