# generation = 6
# prime = 11
# roots = 0
# n4 = 1321
# parent = (2, 1311)
3458580963924 3611465395938 5556169616001 4109315130827 1358451371727 1369570210079 4901763887627 1998788771094 2006285974443 2176530739409 3591571635436 4016960752300 4336343225379 2280672879743 4541965234018 5157195994632 6130892393696
3611465395938 3771107990144 5801776657287 4290964864466 1418500874269 1430111214094 5118443328384 2087143992478 2094972605061 2272742934500 3750334838068 4194528017628 4528028595493 2381488613896 4742739997892 5385166653748 6401904699905
5556169616001 5801776657287 8925921100486 6601566397281 2182336141659 2200198424723 7874625999134 3211030638119 3223074807066 3496571018399 5769817564954 6453200174907 6966284359376 3663874141418 7296613696451 8284974673050 9849206479255
4109315130827 4290964864466 6601566397281 4882485337606 1614044845148 1627255699944 5824033822600 2374862126001 2383769932837 2586046356553 4267328080372 4772754425020 5152228909833 2709782905703 5396538827776 6127525640010 7284423624335
1358451371727 1418500874269 2182336141659 1614044845148 533568578736 537935803719 1925300563006 785078440033 788023169758 854891413389 1410687060883 1577770160964 1703216279813 895796060366 1783979894313 2025628443067 2408074082700
1369570210079 1430111214094 2200198424723 1627255699944 537935803719 542338774194 1941059026128 791504257340 794473089493 861888645440 1422233445091 1590684109735 1717156997149 903128094406 1798581656731 2042208083551 2427784016515
4901763887627 5118443328384 7874625999134 5824033822600 1925300563006 1941059026128 6947152448274 2832835408496 2843461015070 3084744839144 5090248378386 5693142175815 6145795298460 3232342998170 6437218441983 7309170250120 8689166814185
1998788771094 2087143992478 3211030638119 2374862126001 785078440033 791504257340 2832835408496 1155143277980 1159476074007 1257864207180 2075646957757 2321488532346 2506066573965 1318050203448 2624899981758 2980455149863 3543175366445
2006285974443 2094972605061 3223074807066 2383769932837 788023169758 794473089493 2843461015070 1159476074007 1163825121806 1262582296394 2083432446418 2330196141596 2515466512055 1322994042706 2634745648901 2991634459379 3556465368170
2176530739409 2272742934500 3496571018399 2586046356553 854891413389 861888645440 3084744839144 1257864207180 1262582296394 1369719578418 2260223527856 2527926524734 2728918138837 1435257604639 2858318788193 3245491642129 3858251662980
3591571635436 3750334838068 5769817564954 4267328080372 1410687060883 1422233445091 5090248378386 2075646957757 2083432446418 2260223527856 3729676115018 4171422456061 4503085945618 2368370181495 4716614610028 5355502458024 6366639801665
4016960752300 4194528017628 6453200174907 4772754425020 1577770160964 1590684109735 5693142175815 2321488532346 2330196141596 2527926524734 4171422456061 4665489648542 5036435673192 2648882169535 5275254873095 5989813197691 7120710597715
4336343225379 4528028595493 6966284359376 5152228909833 1703216279813 1717156997149 6145795298460 2506066573965 2515466512055 2728918138837 4503085945618 5036435673192 5436875055186 2859490784044 5694682408436 6466054184546 7686867526195
2280672879743 2381488613896 3663874141418 2709782905703 895796060366 903128094406 3232342998170 1318050203448 1322994042706 1435257604639 2368370181495 2648882169535 2859490784044 1503931479284 2995082965822 3400781177110 4042860398005
4541965234018 4742739997892 7296613696451 5396538827776 1783979894313 1798581656731 6437218441983 2624899981758 2634745648901 2858318788193 4716614610028 5275254873095 5694682408436 2995082965822 5964714547206 6772663458887 8051365689510
5157195994632 5385166653748 8284974673050 6127525640010 2025628443067 2042208083551 7309170250120 2980455149863 2991634459379 3245491642129 5355502458024 5989813197691 6466054184546 3400781177110 6772663458887 7690052887586 9141961407865
6130892393696 6401904699905 9849206479255 7284423624335 2408074082700 2427784016515 8689166814185 3543175366445 3556465368170 3858251662980 6366639801665 7120710597715 7686867526195 4042860398005 8051365689510 9141961407865 10867995266700
