# generation = 6
# prime = 17
# roots = 0
# n4 = 1322
# parent = (2, 1303)
2819784168500392 2873595685104517 1040775278329525 281685116069443 2880313230343868 2537232428873788 3017056053369102 1702433322729851 3368529974831988 1391272243745317 2610527147541978 3119559801038503 2382700926541511 3379300704105691 2683469182692365 3458879856490607 3650739023688917
2873595685104517 2928434116942750 1060636974411332 287060670507202 2935279856850750 2585651852778754 3074632219561285 1734921808918629 3432813514223885 1417822669228795 2660345295510511 3179092103512767 2428171339455996 3443789787341538 2734679324267849 3524887593149590 3720408116020687
1040775278329525 1060636974411332 384147550043874 103969271248997 1063116403544345 936486138494859 1113587837238981 628363878021191 1243315981868807 513515102642152 963539035689662 1151421713924357 879448947795224 1247291431083272 990461758280841 1276663897032229 1347478635398207
281685116069443 287060670507202 103969271248997 28139212036670 287731726303446 253459331819197 301391785256116 170066253109241 336502618726505 138982510733088 260781179911663 311631498061928 238022255231166 337578571332923 268067796336861 345528209119610 364694169544874
2880313230343868 2935279856850750 1063116403544345 287731726303446 2942141599903454 2591696277672716 3081819723752056 1738977499772621 3440838331424014 1421137083977980 2666564329721735 3186523801415192 2433847625408898 3451840263548463 2741072127601702 3533127650020970 3729105237177203
2537232428873788 2585651852778754 936486138494859 253459331819197 2591696277672716 2282993312056444 2714737015638082 1531843849142136 3030992082746068 1251862143796632 2348943656464881 2806969547323709 2143946379535850 3040683549171436 2414576657415424 3112288606164427 3284922847547224
3017056053369102 3074632219561285 1113587837238981 301391785256116 3081819723752056 2714737015638082 3228129064222768 1821535427844861 3604192074362641 1488605543561378 2793159427221247 3337803966243158 2549394501215844 3615716323032937 2871204481574635 3700862826835284 3906144446704032
1702433322729851 1734921808918629 628363878021191 170066253109241 1738977499772621 1531843849142136 1821535427844861 1027837254608918 2033736390831047 839975007732893 1576095240023301 1883421652218494 1438546077659887 2040239175203850 1620133699652534 2088284767603511 2204118966248329
3368529974831988 3432813514223885 1243315981868807 336502618726505 3440838331424014 3030992082746068 3604192074362641 2033736390831047 4024064791234152 1662021621569827 3118550364542489 3726643625943823 2846387883787464 4036931564803028 3205687328631439 4131997266346779 4361193303005682
1391272243745317 1417822669228795 513515102642152 138982510733088 1421137083977980 1251862143796632 1488605543561378 839975007732893 1662021621569827 686449153746960 1288025517162326 1539180555863876 1175616808291565 1667335864003976 1324014877639149 1706599956316693 1801262639018778
2610527147541978 2660345295510511 963539035689662 260781179911663 2666564329721735 2348943656464881 2793159427221247 1576095240023301 3118550364542489 1288025517162326 2416799152283386 2888056341320180 2205879982835051 3128521794796570 2484328137332691 3202195354638498 3379816596033839
3119559801038503 3179092103512767 1151421713924357 311631498061928 3186523801415192 2806969547323709 3337803966243158 1883421652218494 3726643625943823 1539180555863876 2888056341320180 3451205046459622 2636009561075445 3738559408167659 2968752957466525 3826598743785607 4038854756901276
2382700926541511 2428171339455996 879448947795224 238022255231166 2433847625408898 2143946379535850 2549394501215844 1438546077659887 2846387883787464 1175616808291565 2205879982835051 2636009561075445 2013368175040564 2855489086250625 2267515570649914 2922732998830592 3084852859121891
3379300704105691 3443789787341538 1247291431083272 337578571332923 3451840263548463 3040683549171436 3615716323032937 2040239175203850 4036931564803028 1667335864003976 3128521794796570 3738559408167659 2855489086250625 4049839479325320 3215937375569056 4145209149348533 4375138030446976
2683469182692365 2734679324267849 990461758280841 268067796336861 2741072127601702 2414576657415424 2871204481574635 1620133699652534 3205687328631439 1324014877639149 2484328137332691 2968752957466525 2267515570649914 3215937375569056 2553743983281282 3291669484925253 3474253729614980
3458879856490607 3524887593149590 1276663897032229 345528209119610 3533127650020970 3112288606164427 3700862826835284 2088284767603511 4131997266346779 1706599956316693 3202195354638498 3826598743785607 2922732998830592 4145209149348533 3291669484925253 4242824679734098 4478168156060586
3650739023688917 3720408116020687 1347478635398207 364694169544874 3729105237177203 3284922847547224 3906144446704032 2204118966248329 4361193303005682 1801262639018778 3379816596033839 4038854756901276 3084852859121891 4375138030446976 3474253729614980 4478168156060586 4726565801727146
