# generation = 6
# prime = 13
# roots = 0
# n4 = 1322
# parent = (2, 1314)
261596593921308 1243003378806166 732522423082314 987293384453746 1152494234550703 631635806129982 1430364637368731 5618624560391 1059480690838796 550545301368480 443792480580682 1288161752311300 186022525794528 1074034384483041 147799728655343 876924489670154 1443805405536325
1243003378806166 5906259621210970 3480656354480811 4691227031489283 5476196024296420 3001283118505820 6796526095860735 26697478006591 5034232513321179 2615973165127804 2108726052513385 6120834321924293 883905346895419 5103385899849438 702285757438092 4166797767810137 6860391301426492
732522423082314 3480656354480811 2051208283238966 2764617579427974 3227212773020956 1768705716983284 4005305093429366 15733264778706 2966756375642163 1541636196900968 1242707094720473 3607108769959887 520900021289660 3007509608600150 413868597226867 2455562751809977 4042941913995881
987293384453746 4691227031489283 2764617579427974 3726150300257820 4349635889125765 2383860750740294 5398348360207563 21205287022495 3998592876696576 2077816556154370 1674920049912770 4861659538832009 702068808784174 4053520065307698 557811904727618 3309606345935136 5449075249632781
1152494234550703 5476196024296420 3227212773020956 4349635889125765 5077447457409828 2782745042619676 6301637850716157 24753504297948 4667665467299748 2425491387999945 1955179413995418 5675146493514025 819543883431690 4731783458153505 651148902935283 3863392880357450 6360852718879776
631635806129982 3001283118505820 1768705716983284 2383860750740294 2782745042619676 1525110803642808 3453674634067127 13566401612306 2558159990563764 1329314422746725 1071555317384473 3110319880892048 449159089869182 2593300486391189 356868563751669 2117370485009661 3486127925256041
1430364637368731 6796526095860735 4005305093429366 5398348360207563 6301637850716157 3453674634067127 7820984842221554 30721661017725 5793055985304469 3010285870098143 2426580029340139 7043444221110811 1017138788628760 5872633048674438 808143187617055 4794870456319297 7894476622820983
5618624560391 26697478006591 15733264778706 21205287022495 24753504297948 13566401612306 30721661017725 120677954858 22755740591200 11824723347927 9531864668923 27667398687437 3995429437928 23068327767245 3174472469212 18834761574749 31010344555255
1059480690838796 5034232513321179 2966756375642163 3998592876696576 4667665467299748 2558159990563764 5793055985304469 22755740591200 4290955464803014 2229738956033576 1797384120590639 5217126426583617 753401530142508 4349898729947813 598597085207775 3551592741336920 5847491840642530
550545301368480 2615973165127804 1541636196900968 2077816556154370 2425491387999945 1329314422746725 3010285870098143 11824723347927 2229738956033576 1158654722202294 933987179664455 2711011598075371 391495263717730 2260368053810794 311053156063739 1845538774821232 3038572751248008
443792480580682 2108726052513385 1242707094720473 1674920049912770 1955179413995418 1071555317384473 2426580029340139 9531864668923 1797384120590639 933987179664455 752883525231320 2185336173067428 315582848112609 1822074120208664 250738770050066 1487681810833486 2449381977013075
1288161752311300 6120834321924293 3607108769959887 4861659538832009 5675146493514025 3110319880892048 7043444221110811 27667398687437 5217126426583617 2711011598075371 2185336173067428 6343204532002102 916017671349944 5288792159024391 727799833330783 4318177734371362 7109629652716253
186022525794528 883905346895419 520900021289660 702068808784174 819543883431690 449159089869182 1017138788628760 3995429437928 753401530142508 391495263717730 315582848112609 916017671349944 132281462783066 763750727778300 105101058175420 623584986540785 1026696579904541
1074034384483041 5103385899849438 3007509608600150 4053520065307698 4731783458153505 2593300486391189 5872633048674438 23068327767245 4349898729947813 2260368053810794 1822074120208664 5288792159024391 763750727778300 4409651676883660 606819791548518 3600379654730935 5927816669185307
147799728655343 702285757438092 413868597226867 557811904727618 651148902935283 356868563751669 808143187617055 3174472469212 598597085207775 311053156063739 250738770050066 727799833330783 105101058175420 606819791548518 83505520707078 495454469347885 815737101048090
876924489670154 4166797767810137 2455562751809977 3309606345935136 3863392880357450 2117370485009661 4794870456319297 18834761574749 3551592741336920 1845538774821232 1487681810833486 4318177734371362 623584986540785 3600379654730935 495454469347885 2939627573341920 4839926619281819
1443805405536325 6860391301426492 4042941913995881 5449075249632781 6360852718879776 3486127925256041 7894476622820983 31010344555255 5847491840642530 3038572751248008 2449381977013075 7109629652716253 1026696579904541 5927816669185307 815737101048090 4839926619281819 7968658986758028
