# seed = 1003
# step = 9620
# prime = 7
# roots = 0
# n4 = 1322
8642 2118 1860 389 -18 -920 765 3248 -620 2347 2692 800 292 1768 805 -1256 3534
2118 546 450 87 -34 -223 170 798 -137 564 638 156 56 463 193 -301 858
1860 450 420 144 8 -144 202 691 -87 532 610 245 69 364 177 -203 759
389 87 144 234 25 161 160 118 151 193 224 283 33 38 48 196 143
-18 -34 8 25 36 14 27 -12 -2 15 24 61 18 -39 3 14 0
-920 -223 -144 161 14 294 31 -372 244 -173 -198 133 -18 -215 -76 378 -396
765 170 202 160 27 31 148 271 39 263 308 230 44 118 80 28 308
3248 798 691 118 -12 -372 271 1226 -255 870 1000 268 106 670 302 -504 1331
-620 -137 -87 151 -2 244 39 -255 214 -104 -121 122 -17 -137 -50 315 -275
2347 564 532 193 15 -173 263 870 -104 678 779 328 91 454 224 -245 957
2692 638 610 224 24 -198 308 1000 -121 779 908 392 110 511 261 -280 1100
800 156 245 283 61 133 230 268 122 328 392 396 67 83 93 154 319
292 56 69 33 18 -18 44 106 -17 91 110 67 22 41 30 -28 121
1768 463 364 38 -39 -215 118 670 -137 454 511 83 41 402 158 -287 715
805 193 177 48 3 -76 80 302 -50 224 261 93 30 158 78 -105 330
-1256 -301 -203 196 14 378 28 -504 315 -245 -280 154 -28 -287 -105 490 -539
3534 858 759 143 0 -396 308 1331 -275 957 1100 319 121 715 330 -539 1452
