# generation = 10
# prime = 7
# roots = 0
# n4 = 1322
# parent = (2, 1308)
14314561428586798 3740265208151938 561675969127319 3929996826606972 272915706846 3476952244617990 4122350502781418 2528582250281875 4601169103430112 5374416874855398 4110226586232550 4579343553114090 4603713662680713 1432414858825444 4562951663389356 5740286104625551 4702439952355867
3740265208151938 977297411248254 146760841822687 1026872564139503 71310401526 908496119551321 1077132836956430 660695632476205 1202243799101989 1404286435977138 1073964967407614 1196540980548812 1202908669379894 374277024611135 1192257928277936 1499884750858771 1228704954389675
561675969127319 146760841822687 22039089068092 154205547076277 10708689537 136428945542514 161753136851858 99216723685916 180541061504471 210881822802507 161277417591350 179684668719639 180640905135039 56205215090724 179041482367557 225237830510475 184514735619375
3929996826606972 1026872564139503 154205547076277 1078962505012496 74927748728 954581204306186 1131772319740125 694210595902561 1263229758408972 1475521368113042 1128443754362771 1257237654221258 1263928355416625 393262893708092 1252737336490844 1575969077889085 1291033202956875
272915706846 71310401526 10708689537 74927748728 5203306 66290181801 78595087034 48208938535 87724051092 102466484043 78363937285 87307933881 87772564641 27309849182 86995412663 109442000540 89654840625
3476952244617990 908496119551321 136428945542514 954581204306186 66290181801 844538407388042 1001303176856377 614182961502543 1117606384369659 1305425311824472 998358323877917 1112305041639685 1118224448083449 347928092904796 1108323514293834 1394293548971150 1142204686402500
4122350502781418 1077132836956430 161753136851858 1131772319740125 78595087034 1001303176856377 1187166910600978 728188730250408 1325058532986522 1547740754528006 1183675428606899 1318773145287560 1325791322821426 412511144189016 1314052559527019 1653104876986095 1354222816996875
2528582250281875 660695632476205 99216723685916 694210595902561 48208938535 614182961502543 728188730250408 446659035160686 812769191953369 949358817814448 726047112406071 808913838130097 813218673230737 253027576509093 806018308175280 1013987444051910 830658085884375
4601169103430112 1202243799101989 180541061504471 1263229758408972 87724051092 1117606384369659 1325058532986522 812769191953369 1478966521187468 1727513692746157 1321161508930588 1471951074135093 1479784425910852 460425073069953 1466682183647290 1845116052015975 1511518290480625
5374416874855398 1404286435977138 210881822802507 1475521368113042 102466484043 1305425311824472 1547740754528006 949358817814448 1727513692746157 2017830367268466 1543188817536104 1719319267334840 1728469050145241 537801638385554 1713164915405387 2155196347517120 1765535937585000
4110226586232550 1073964967407614 161277417591350 1128443754362771 78363937285 998358323877917 1183675428606899 726047112406071 1321161508930588 1543188817536104 1180194215132288 1314894606684505 1321892143615711 411297940536339 1310187904262549 1648243061970215 1350240020189375
4579343553114090 1196540980548812 179684668719639 1257237654221258 87307933881 1112305041639685 1318773145287560 808913838130097 1471951074135093 1719319267334840 1314894606684505 1464968904710512 1472765099144370 458241056274861 1459725007095572 1836363782249900 1504348434785000
4603713662680713 1202908669379894 180640905135039 1263928355416625 87772564641 1118224448083449 1325791322821426 813218673230737 1479784425910852 1728469050145241 1321892143615711 1472765099144370 1480602782955594 460679699416555 1467493294831027 1846136446401190 1512354197130000
1432414858825444 374277024611135 56205215090724 393262893708092 27309849182 347928092904796 412511144189016 253027576509093 460425073069953 537801638385554 411297940536339 458241056274861 460679699416555 143337421689118 456600769457613 574413065408600 470558940565000
4562951663389356 1192257928277936 179041482367557 1252737336490844 86995412663 1108323514293834 1314052559527019 806018308175280 1466682183647290 1713164915405387 1310187904262549 1459725007095572 1467493294831027 456600769457613 1454499880160416 1829790466169995 1498963577028750
5740286104625551 1499884750858771 225237830510475 1575969077889085 109442000540 1394293548971150 1653104876986095 1013987444051910 1845116052015975 2155196347517120 1648243061970215 1836363782249900 1846136446401190 574413065408600 1829790466169995 2301913665140700 1885726702212500
4702439952355867 1228704954389675 184514735619375 1291033202956875 89654840625 1142204686402500 1354222816996875 830658085884375 1511518290480625 1765535937585000 1350240020189375 1504348434785000 1512354197130000 470558940565000 1498963577028750 1885726702212500 1544786517968750
