# generation = 6
# prime = 5
# roots = 0
# n4 = 1322
# parent = (1, 1310)
985450401390 469514287271 268331382339 100531524041 165851964048 41786192270 106337652818 419278972092 521478841245 163925830067 399120723479 303685838476 303076200153 62094130526 44413217327 807586436 529686846412
469514287271 223698387792 127845518736 47897881826 79019569730 19908880520 50664190907 199763953148 248456711971 78101870144 190159628319 144690021736 144399561802 29584524377 21160517062 384771635 252367386425
268331382339 127845518736 73064794186 27374044172 45160351773 11378093431 28955013194 114166787112 141995110211 44635878706 108677834330 82691569986 82525569662 16907805658 12093414312 219900244 144230093700
100531524041 47897881826 27374044172 10255805178 16919522981 4262852387 10848122122 42773085293 53199088051 16723026857 40716625164 30980757760 30918565018 6334583218 4530850475 82386585 54036434375
165851964048 79019569730 45160351773 16919522981 27912996884 7032644212 17896698348 70564932461 87765239042 27588827240 67172285683 51110530467 51007927936 10450483845 7474774279 135917338 89146651825
41786192270 19908880520 11378093431 4262852387 7032644212 1771865806 4509050479 17778745365 22112340822 6950970080 16923972301 12877233411 12851382842 2632986166 1883259904 34244200 22460386025
106337652818 50664190907 28955013194 10848122122 17896698348 4509050479 11474647930 45243415295 56271564646 17688853726 43068185738 32770030042 32704245389 6700432701 4792526628 87144768 57157271325
419278972092 199763953148 114166787112 42773085293 70564932461 17778745365 45243415295 178390364690 221873279738 69745421425 169813647114 129209025649 128949643241 26419151252 18896464040 343603297 225365534625
521478841245 248456711971 141995110211 53199088051 87765239042 22112340822 56271564646 221873279738 275955219602 86745970981 211205974581 160703916627 160381309364 32858858420 23502505089 427357110 280298716775
163925830067 78101870144 44635878706 16723026857 27588827240 6950970080 17688853726 69745421425 86745970981 27268422368 66392175402 50516954564 50415543612 10329116384 7387965441 134338851 88111340625
399120723479 190159628319 108677834330 40716625164 67172285683 16923972301 43068185738 169813647114 211205974581 66392175402 161649284130 122996866601 122749954861 25148961586 17987952906 327083413 214530327550
303685838476 144690021736 82691569986 30980757760 51110530467 12877233411 32770030042 129209025649 160703916627 50516954564 122996866601 93586737968 93398865972 19135522261 13686802633 248873575 163233374150
303076200153 144399561802 82525569662 30918565018 51007927936 12851382842 32704245389 128949643241 160381309364 50415543612 122749954861 93398865972 93211371152 19097108388 13659326847 248373966 162905689100
62094130526 29584524377 16907805658 6334583218 10450483845 2632986166 6700432701 26419151252 32858858420 10329116384 25148961586 19135522261 19097108388 3912607928 2798517428 50886759 33376052325
44413217327 21160517062 12093414312 4530850475 7474774279 1883259904 4792526628 18896464040 23502505089 7387965441 17987952906 13686802633 13659326847 2798517428 2001657210 36397078 23872431275
807586436 384771635 219900244 82386585 135917338 34244200 87144768 343603297 427357110 134338851 327083413 248873575 248373966 50886759 36397078 661828 434083650
529686846412 252367386425 144230093700 54036434375 89146651825 22460386025 57157271325 225365534625 280298716775 88111340625 214530327550 163233374150 162905689100 33376052325 23872431275 434083650 284710580000
