# generation = 8
# prime = 19
# roots = 0
# n4 = 1322
# parent = (1, 1310)
1094327332548972 4288587134464019 2043733923224269 1931722430664909 1399783990689273 2681520094031333 1877588407416980 1717988713002621 1318693135700053 962605924347434 1504122266039831 1971417815792589 2535968516179880 2778345460329604 1125336387826660 2038341333517718 1726332886869138
4288587134464019 16806652875744512 8009240698449194 7570276020073909 5485648977983758 10508677096980578 7358128823504885 6732669533939757 5167859970110872 3772380767537182 5894542891281071 7725839271498469 9938271327612603 10888128480363092 4410109307613431 7988107541873756 6765369728546455
2043733923224269 8009240698449194 3816818080597350 3607628672282627 2614195900891163 5007928997990225 3506529543709006 3208465792635293 2462752976730737 1797734849322761 2809055031661769 3681762619927215 4736101101155434 5188757238174023 2101645533672204 3806747036784116 3224049129244190
1931722430664909 7570276020073909 3607628672282627 3409904366091880 2470918940283892 4733458043014932 3314346205488499 3032618517244703 2327776190570981 1699205896298837 2655098372630174 3479975233892909 4476528293241179 4904375579638630 1986460063430724 3598109594952399 3047347773617199
1399783990689273 5485648977983758 2614195900891163 2470918940283892 1790501947939796 3430005617770811 2401674632091936 2197526302296835 1686776419706734 1231295538519890 1923963886688860 2521694391969988 3243826617707289 3553857589300140 1439448520524932 2607298092063516 2208199563064677
2681520094031333 10508677096980578 5007928997990225 4733458043014932 3430005617770811 6570748806902336 4600809002089396 4209728769672117 3231302039223075 2358752314773614 3685674258792107 4830726903707851 6214091827674455 6808007950140019 2757504127656668 4994715092762764 4230175183858455
1877588407416980 7358128823504885 3506529543709006 3314346205488499 2401674632091936 4600809002089396 3221465938781946 2947633304686533 2262543272830020 1651587848266112 2580692673990411 3382453427824593 4351079376309750 4766936795757826 1930792088796635 3497277226215030 2961949792690109
1717988713002621 6732669533939757 3208465792635293 3032618517244703 2197526302296835 4209728769672117 2947633304686533 2697077127038260 2070221455378739 1511198764669179 2361327364471597 3094936455932891 3981226784546100 4361735286817360 1766669948873880 3199999945183177 2710176677888875
1318693135700053 5167859970110872 2462752976730737 2327776190570981 1686776419706734 3231302039223075 2262543272830020 2070221455378739 1589059812746022 1159965384273716 1812506777895303 2375610170706515 3055908570657347 3347979144967872 1356059860558430 2456254764707336 2080276403723765
962605924347434 3772380767537182 1797734849322761 1699205896298837 1231295538519890 2358752314773614 1651587848266112 1511198764669179 1159965384273716 846739488294826 1323074880036617 1734123248498748 2230720411545299 2443923057067282 989882498210923 1792991351976063 1518538571468815
1504122266039831 5894542891281071 2809055031661769 2655098372630174 1923963886688860 3685674258792107 2580692673990411 2361327364471597 1812506777895303 1323074880036617 2067373923602900 2709658567604602 3485617691994833 3818758012651728 1546743343944236 2801643068158413 2372796197728060
1971417815792589 7725839271498469 3681762619927215 3479975233892909 2521694391969988 4830726903707851 3382453427824593 3094936455932891 2375610170706515 1734123248498748 2709658567604602 3551486003224376 4568517448526092 5005156662032828 2027280264102055 3672047933002327 3109968387004778
2535968516179880 9938271327612603 4736101101155434 4476528293241179 3243826617707289 6214091827674455 4351079376309750 3981226784546100 3055908570657347 2230720411545299 3485617691994833 4568517448526092 5876794012019544 6438472662549071 2607828174238858 4723604440131632 4000563377540392
2778345460329604 10888128480363092 5188757238174023 4904375579638630 3553857589300140 6808007950140019 4766936795757826 4361735286817360 3347979144967872 2443923057067282 3818758012651728 5005156662032828 6438472662549071 7053834138429202 2857073154875925 5175066200137581 4382919988048069
1125336387826660 4410109307613431 2101645533672204 1986460063430724 1439448520524932 2757504127656668 1930792088796635 1766669948873880 1356059860558430 989882498210923 1546743343944236 2027280264102055 2607828174238858 2857073154875925 1157224121255016 2096100138575494 1775250564749753
2038341333517718 7988107541873756 3806747036784116 3598109594952399 2607298092063516 4994715092762764 3497277226215030 3199999945183177 2456254764707336 1792991351976063 2801643068158413 3672047933002327 4723604440131632 5175066200137581 2096100138575494 3796702566395404 3215542163648958
1726332886869138 6765369728546455 3224049129244190 3047347773617199 2208199563064677 4230175183858455 2961949792690109 2710176677888875 2080276403723765 1518538571468815 2372796197728060 3109968387004778 4000563377540392 4382919988048069 1775250564749753 3215542163648958 2723339852518688
