# seed = 1001
# step = 8912
# prime = 5
# roots = 0
# n4 = 1322
20429512692 8552702413 10951308396 10748071382 5633810901 9981977409 12675291481 12882172001 1423873674 4282551556 11873337778 5626236249 5208288374 12928418914 3289889356 6235276134 13982732924
8552702413 3580541530 4584704649 4499620596 2358563751 4178899595 5306440626 5393050010 596096832 1792866507 4970707147 2355392665 2180421101 5412411024 1377293969 2610363841 5853793750
10951308396 4584704649 5870485396 5761539510 3020023124 5350872284 6794632275 6905531264 763272234 2295676041 6364742318 3015962706 2791920347 6930322069 1763556164 3342440573 7495490625
10748071382 4499620596 5761539510 5654615474 2963976808 5251569506 6668535851 6777376749 749107241 2253072334 6246623892 2959991744 2740107219 6801707484 1730827664 3280410751 7356387500
5633810901 2358563751 3020023124 2963976808 1553626162 2752712415 3495442917 3552493989 392659146 1180991736 3274289543 1551537311 1436280553 3565247419 907247022 1719491169 3855993750
9981977409 4178899595 5350872284 5251569506 2752712415 4877251588 6193220335 6294303346 695712870 2092479322 5801381145 2749011397 2544799657 6316899847 1607458868 3046591794 6832043750
12675291481 5306440626 6794632275 6668535851 3495442917 6193220335 7864260732 7992617724 883428505 2657067259 7366696394 3490743298 3231431619 8021311164 2041179702 3868616143 8675450000
12882172001 5393050010 6905531264 6777376749 3552493989 6294303346 7992617724 8123069716 897847441 2700434735 7486932379 3547717670 3284173624 8152231470 2074494941 3931758002 8817046875
1423873674 596096832 763272234 749107241 392659146 695712870 883428505 897847441 99239586 298480557 827534826 392131218 363001544 901070700 229295088 434579421 974553125
4282551556 1792866507 2295676041 2253072334 1180991736 2092479322 2657067259 2700434735 298480557 897733010 2488957122 1179403893 1091791265 2710129283 689645463 1307074317 2931140625
11873337778 4970707147 6364742318 6246623892 3274289543 5801381145 7366696394 7486932379 827534826 2488957122 6900612512 3269887273 3026982003 7513810399 1912036202 3623852479 8126562500
5626236249 2355392665 3015962706 2959991744 1551537311 2749011397 3490743298 3547717670 392131218 1179403893 3269887273 1549451272 1434349477 3560453949 906027232 1717179321 3850809375
5208288374 2180421101 2791920347 2740107219 1436280553 2544799657 3231431619 3284173624 363001544 1091791265 3026982003 1434349477 1327798088 3295963786 838722527 1589617758 3564750000
12928418914 5412411024 6930322069 6801707484 3565247419 6316899847 8021311164 8152231470 901070700 2710129283 7513810399 3560453949 3295963786 8181497928 2081942356 3945872968 8848700000
3289889356 1377293969 1763556164 1730827664 907247022 1607458868 2041179702 2074494941 229295088 689645463 1912036202 906027232 838722527 2081942356 529791010 1004104658 2251725000
6235276134 2610363841 3342440573 3280410751 1719491169 3046591794 3868616143 3931758002 434579421 1307074317 3623852479 1717179321 1589617758 3945872968 1004104658 1903063950 4267659375
13982732924 5853793750 7495490625 7356387500 3855993750 6832043750 8675450000 8817046875 974553125 2931140625 8126562500 3850809375 3564750000 8848700000 2251725000 4267659375 9570312500
