# generation = 7
# prime = 17
# roots = 0
# n4 = 1322
# parent = (1, 1310)
1272237885823185270 1000338771255939360 148425754753210857 1268965971692639162 415500842395825541 667757499960552013 1071291493729322041 1270057656849330783 646688524696213846 294562576450633621 1165927369452073644 649895243125782020 1039940452215409956 1098099950872607202 840747443228555055 515659190867594077 1318274761924586457
1000338771255939360 786549173254942786 116704618520688698 997766121441405999 326701167108470654 525046238954962666 842338078778977436 998624494706667341 508480066022678996 231609488341838709 916748640429539708 511001453578688150 817687293972857169 863417107612197136 661065256480431124 405453954112958418 1036536775249461395
148425754753210857 116704618520688698 17316104888517714 148044036577918674 48474445558026963 77903992663787619 124982324681036888 148171398131241693 75445978647436646 34365171182940182 136023028182640225 75820090760032416 121324752421277627 128109935900291374 98085880957151128 60159428871614141 153796651311136639
1268965971692639162 997766121441405999 148044036577918674 1265702472200736564 414432266233585999 666040175532278661 1068536369223657148 1266791349784937140 645025385007014567 293805026729030046 1162928862429283412 648223856466845924 1037265955646453887 1095275880951369739 838585226971380721 514333029611160536 1314884451142658760
415500842395825541 326701167108470654 48474445558026963 414432266233585999 135698639346788154 218083274237833972 349873654177500571 414788800264910569 211202346489730441 96201347261665222 380780834762071524 212249630353588715 339634700987870935 358629042340744949 274580151083592989 168409407220256606 430536050052000399
667757499960552013 525046238954962666 77903992663787619 666040175532278661 218083274237833972 350484829702310524 562287082905750026 666613166605017200 339426389762721676 154606596631371512 611958466287257617 341109495025870117 545831911010799146 576357995680224380 441281789392138248 270653229213204891 691920802778385128
1071291493729322041 842338078778977436 124982324681036888 1068536369223657148 349873654177500571 562287082905750026 902084018504306538 1069455625783476998 544545892964943709 248037246837981336 981772424102926748 547246119247042380 875684785729000997 924658155320728861 707953751685872833 434212273502892358 1110056974866830146
1270057656849330783 998624494706667341 148171398131241693 1266791349784937140 414788800264910569 666613166605017200 1069455625783476998 1267881164125144322 645580297159278344 294057785742113451 1163929324384704420 648781520248305975 1038158310423950678 1096218141381034396 839306657699491099 514775507775704067 1316015639740381645
646688524696213846 508480066022678996 75445978647436646 645025385007014567 211202346489730441 339426389762721676 544545892964943709 645580297159278344 328716863908804854 149728474618032373 592650052993853588 330346864110372343 528609911958370167 558172842604283564 427358538652378543 262113622856341605 670089430941333468
294562576450633621 231609488341838709 34365171182940182 293805026729030046 96201347261665222 154606596631371512 248037246837981336 294057785742113451 149728474618032373 68200383286883360 269948390727175258 150470929510384642 240778507206301977 254244237130274804 194659140229459107 119391115077607161 305221542817912526
1165927369452073644 916748640429539708 136023028182640225 1162928862429283412 380780834762071524 611958466287257617 981772424102926748 1163929324384704420 592650052993853588 269948390727175258 1068500353578024874 595588812187257685 953041132754652607 1006340717709365652 770493054624581704 472569769098666860 1208117320285024721
649895243125782020 511001453578688150 75820090760032416 648223856466845924 212249630353588715 341109495025870117 547246119247042380 648781520248305975 330346864110372343 150470929510384642 595588812187257685 331984946953717080 531231116884691674 560940640505296919 429477670892391103 263413359210019977 673412186867252846
1039940452215409956 817687293972857169 121324752421277627 1037265955646453887 339634700987870935 545831911010799146 875684785729000997 1038158310423950678 528609911958370167 240778507206301977 953041132754652607 531231116884691674 850058119008330028 897598296838400579 687235686071658659 421505174555386986 1077571472549707525
1098099950872607202 863417107612197136 128109935900291374 1095275880951369739 358629042340744949 576357995680224380 924658155320728861 1096218141381034396 558172842604283564 254244237130274804 1006340717709365652 560940640505296919 897598296838400579 947797197004717168 725669889564863628 445078187396008601 1137835516012272324
840747443228555055 661065256480431124 98085880957151128 838585226971380721 274580151083592989 441281789392138248 707953751685872833 839306657699491099 427358538652378543 194659140229459107 770493054624581704 429477670892391103 687235686071658659 725669889564863628 555600702645315508 340768932548113215 871170516073488462
515659190867594077 405453954112958418 60159428871614141 514333029611160536 168409407220256606 270653229213204891 434212273502892358 514775507775704067 262113622856341605 119391115077607161 472569769098666860 263413359210019977 421505174555386986 445078187396008601 340768932548113215 209005252939918386 534318703011551354
1318274761924586457 1036536775249461395 153796651311136639 1314884451142658760 430536050052000399 691920802778385128 1110056974866830146 1316015639740381645 670089430941333468 305221542817912526 1208117320285024721 673412186867252846 1077571472549707525 1137835516012272324 871170516073488462 534318703011551354 1365977516699145194
