# seed = 2003
# step = 696
# prime = 7
# roots = 0
# n4 = 1322
194 108 270 116 221 136 228 145 43 319 43 213 179 219 23 23 320
108 92 145 52 89 68 105 90 33 168 7 72 80 154 8 7 175
270 145 422 185 359 207 363 217 58 499 77 353 279 310 35 29 497
116 52 185 86 168 92 165 91 21 221 39 170 128 123 16 13 217
221 89 359 168 336 179 326 173 38 429 83 344 253 226 33 27 420
136 68 207 92 179 106 181 106 29 244 38 177 140 150 19 18 245
228 105 363 165 326 181 324 181 44 432 78 330 250 245 33 28 427
145 90 217 91 173 106 181 120 35 256 36 166 140 178 18 14 259
43 33 58 21 38 29 44 35 14 66 4 32 33 58 5 5 70
319 168 499 221 429 244 432 256 66 594 96 426 333 363 41 33 588
43 7 77 39 83 38 78 36 4 96 32 94 62 36 10 6 91
213 72 353 170 344 177 330 166 32 426 94 362 257 205 35 28 413
179 80 279 128 253 140 250 140 33 333 62 257 196 189 26 22 329
219 154 310 123 226 150 245 178 58 363 36 205 189 284 22 19 371
23 8 35 16 33 19 33 18 5 41 10 35 26 22 6 5 42
23 7 29 13 27 18 28 14 5 33 6 28 22 19 5 8 35
320 175 497 217 420 245 427 259 70 588 91 413 329 371 42 35 588
