# generation = 2
# prime = 7
# roots = 0
# n4 = 1323
# parent = (2, 1308)
41774 1900 36529 25802 28189 30185 31523 18365 5028 17803 52197 45595 -124 39901 15032 40196 56570
1900 96 1672 1186 1292 1389 1442 844 228 816 2390 2080 -5 1830 678 1842 2597
36529 1672 32010 22612 24701 26467 27614 16096 4399 15594 45734 39922 -126 34950 13136 35232 49588
25802 1186 22612 15978 17451 18702 19507 11373 3106 11017 32309 28200 -87 24693 9275 24890 35035
28189 1292 24701 17451 19064 20427 21309 12423 3393 12034 35294 30807 -95 26972 10133 27189 38269
30185 1389 26467 18702 20427 21896 22831 13314 3634 12893 37818 33001 -105 28900 10847 29137 41013
31523 1442 27614 19507 21309 22831 23824 13886 3796 13453 39455 34444 -106 30153 11337 30393 42777
18365 844 16096 11373 12423 13314 13886 8098 2211 7841 23001 20073 -62 17577 6600 17720 24941
5028 228 4399 3106 3393 3634 3796 2211 608 2142 6284 5489 -17 4804 1812 4841 6811
17803 816 15594 11017 12034 12893 13453 7841 2142 7600 22281 19452 -59 17029 6401 17162 24157
52197 2390 45734 32309 35294 37818 39455 23001 6284 22281 65350 57043 -177 49939 18767 50341 70854
45595 2080 39922 28200 30807 33001 34444 20073 5489 19452 57043 49808 -150 43595 16401 43937 61838
-124 -5 -126 -87 -95 -105 -106 -62 -17 -59 -177 -150 8 -131 -46 -140 -196
39901 1830 34950 24693 26972 28900 30153 17577 4804 17029 49939 43595 -131 38170 14347 38468 54145
15032 678 13136 9275 10133 10847 11337 6600 1812 6401 18767 16401 -46 14347 5418 14451 20335
40196 1842 35232 24890 27189 29137 30393 17720 4841 17162 50341 43937 -140 38468 14451 38784 54586
56570 2597 49588 35035 38269 41013 42777 24941 6811 24157 70854 61838 -196 54145 20335 54586 76832
