# seed = 1001
# step = 8328
# prime = 5
# roots = 0
# n4 = 1323
313404304 20196596 317282707 292110222 5043219 197223481 184437330 210061099 176357892 184053351 85109079 4105037 298713099 215789151 61104363 79539382 346374174
20196596 1301530 20446524 18824346 325001 12709595 11885626 13536885 11364957 11860882 5484647 264540 19249851 13906024 3937719 5125716 22321250
317282707 20446524 321209146 295725135 5105624 199664159 186719775 212660639 178540359 186331041 86162318 4155831 302409722 218459569 61860539 80523698 350660625
292110222 18824346 295725135 272262974 4700558 183823256 171905851 195788624 164375366 171547959 79326392 3826119 278417219 201127484 56952664 74135126 322840000
5043219 325001 5105624 4700558 81162 3173665 2967917 3380239 2837896 2961736 1369543 66061 4806803 3472419 983272 1279919 5573750
197223481 12709595 199664159 183823256 3173665 124111588 116065335 132190221 110980995 115823697 53558645 2583272 187978407 135794847 38452618 50053669 217971250
184437330 11885626 186719775 171905851 2967917 116065335 108540732 123620224 103786005 108314759 50086394 2415798 175791619 126991164 35959702 46808643 203840000
210061099 13536885 212660639 195788624 3380239 132190221 123620224 140794716 118204941 123362860 57044879 2751420 200214249 144633970 40955566 53311752 232159375
176357892 11364957 178540359 164375366 2837896 110980995 103786005 118204941 99239586 103569932 47892326 2309968 168090919 121428200 34384463 44758171 194910625
184053351 11860882 186331041 171547959 2961736 115823697 108314759 123362860 103569932 108089260 49982122 2410768 175425640 126726783 35884838 46711192 203415625
85109079 5484647 86162318 79326392 1369543 53558645 50086394 57044879 47892326 49982122 23112512 1114773 81119503 58600399 16593702 21599979 94062500
4105037 264540 4155831 3826119 66061 2583272 2415798 2751420 2309968 2410768 1114773 53772 3912602 2826449 800357 1041821 4536875
298713099 19249851 302409722 278417219 4806803 187978407 175791619 200214249 168090919 175425640 81119503 3912602 284710588 205673786 58240027 75810883 330137500
215789151 13906024 218459569 201127484 3472419 135794847 126991164 144633970 121428200 126726783 58600399 2826449 205673786 148577928 42072356 54765468 238490000
61104363 3937719 61860539 56952664 983272 38452618 35959702 40955566 34384463 35884838 16593702 800357 58240027 42072356 11913510 15507783 67532500
79539382 5125716 80523698 74135126 1279919 50053669 46808643 53311752 44758171 46711192 21599979 1041821 75810883 54765468 15507783 20186450 87906875
346374174 22321250 350660625 322840000 5573750 217971250 203840000 232159375 194910625 203415625 94062500 4536875 330137500 238490000 67532500 87906875 382812500
