# generation = 10
# prime = 5
# roots = 0
# n4 = 1323
# parent = (1, 1319)
106999175051544586 56477843432728359 11105240267713952 18304909395682054 46146105063000958 51703768629619817 36793199254920270 44072324698423719 49604312418490351 14255004134657149 95772414801037190 76547530503370237 95631092546926151 46804622964018712 6956430165142887 82134333903724285 32991871712236568
56477843432728359 29810947582307874 5861727633139593 9661960537561038 24357500845430862 27291026759215425 19420715588765351 23262888268389601 26182861587578175 7524281297142964 50551973374576161 40404418453214372 50477378629921359 24705089234719031 3671843016811907 43353325373128739 17414244214675000
11105240267713952 5861727633139593 1152591703106552 1899831627859353 4789416216498198 5366235516317005 3818695964215895 4574182508387797 5148336961072018 1479499686388832 9940036237403951 7944722169405339 9925368670235120 4857762533260643 721994616802137 8524565836980580 3424163429946875
18304909395682054 9661960537561038 1899831627859353 3131516741346060 7894455931412011 8845234551804487 6294405339238830 7539683460859358 8486069579678166 2438678232745922 16384288707778758 13095387040623493 16360111969445497 8007112038412421 1190072949898803 14051150765023270 5644092323100000
46146105063000958 24357500845430862 4789416216498198 7894455931412011 19901676919094948 22298560135497856 15867999333673097 19007306597685708 21393116454765918 6147831683323865 41304280275216686 33013061859777441 41243331472734736 20185679447447033 3000136749741033 35422512367735760 14228580524331250
51703768629619817 27291026759215425 5366235516317005 8845234551804487 22298560135497856 24984114963666438 17779081572390468 21296475211879543 23969623046920681 6888253439688053 46278812650540353 36989031031392868 46210523403214351 22616766861636475 3361461951210284 39688666708508405 15942217319393750
36793199254920270 19420715588765351 3818695964215895 6294405339238830 15867999333673097 17779081572390468 12651868678054118 15154900245497163 17057153476535003 4901787394655071 32932716903676440 26321965014457688 32884121221960603 16094440148131735 2392068172915745 28243067402473935 11344727743146875
44072324698423719 23262888268389601 4574182508387797 7539683460859358 19007306597685708 21296475211879543 15154900245497163 18153128782419074 20431721667915808 5871551537638823 39448088830872742 31529473171936620 39389879033766413 19278546209948166 2865312268364642 33830644310574385 13589156008071875
49604312418490351 26182861587578175 5148336961072018 8486069579678166 21393116454765918 23969623046920681 17057153476535003 20431721667915808 22996325058822764 6608552619978320 44399639367082385 35487073765979309 44334123037248701 21698402244862162 3224968183754020 38077089447486655 15294875973540625
14255004134657149 7524281297142964 1479499686388832 2438678232745922 6147831683323865 6888253439688053 4901787394655071 5871551537638823 6608552619978320 1899128126746806 12759314904224367 10198072679510675 12740487195359306 6235562970945770 926772946789499 10942376600855840 4395354145875000
95772414801037190 50551973374576161 9940036237403951 16384288707778758 41304280275216686 46278812650540353 32932716903676440 39448088830872742 44399639367082385 12759314904224367 85723608919445794 68515872574084800 85597114733534353 41893703974416230 6226535064308376 73516487321000355 29530239099178125
76547530503370237 40404418453214372 7944722169405339 13095387040623493 33013061859777441 36989031031392868 26321965014457688 31529473171936620 35487073765979309 10198072679510675 68515872574084800 54762332731459844 68414770209957610 33484167539712637 4976650988237253 58759148627460115 23602483898021875
95631092546926151 50477378629921359 9925368670235120 16360111969445497 41243331472734736 46210523403214351 32884121221960603 39389879033766413 44334123037248701 12740487195359306 85597114733534353 68414770209957610 85470807203076080 41831885415376817 6217347158036850 73408006024751190 29486664130721875
46804622964018712 24705089234719031 4857762533260643 8007112038412421 20185679447447033 22616766861636475 16094440148131735 19278546209948166 21698402244862162 6235562970945770 41893703974416230 33484167539712637 41831885415376817 20473734771774146 3042949545154823 35928001584243445 14431626371181250
6956430165142887 3671843016811907 721994616802137 1190072949898803 3000136749741033 3361461951210284 2392068172915745 2865312268364642 3224968183754020 926772946789499 6226535064308376 4976650988237253 6217347158036850 3042949545154823 452264427451878 5339870682989325 2144929168593750
82134333903724285 43353325373128739 8524565836980580 14051150765023270 35422512367735760 39688666708508405 28243067402473935 33830644310574385 38077089447486655 10942376600855840 73516487321000355 58759148627460115 73408006024751190 35928001584243445 5339870682989325 63047671185863900 25325105600265625
32991871712236568 17414244214675000 3424163429946875 5644092323100000 14228580524331250 15942217319393750 11344727743146875 13589156008071875 15294875973540625 4395354145875000 29530239099178125 23602483898021875 29486664130721875 14431626371181250 2144929168593750 25325105600265625 10172635429687500
