# generation = 6
# prime = 7
# roots = 0
# n4 = 1323
# parent = (1, 1310)
10027103316 4603494341 4988667043 3648708064 3733889181 1842012059 2585903888 3403753275 3458522541 1825478525 2966329838 1410960154 1313920130 3562431366 620494950 5650318293 5452094568
4603494341 2113488124 2290322895 1675140898 1714247697 845677122 1187201909 1562680860 1587825575 838086591 1361857221 647779049 603227376 1635530564 284872350 2594090225 2503085025
4988667043 2290322895 2481953578 1815299492 1857678301 916434691 1286534746 1693429960 1720678495 908209038 1475803390 701978458 653699194 1772374898 308707456 2811137032 2712517500
3648708064 1675140898 1815299492 1327709100 1358704836 670279783 940970819 1238573783 1258503297 664263572 1079401730 513426627 478115177 1296313984 225788422 2056064032 1983933875
3733889181 1714247697 1857678301 1358704836 1390424438 685927835 962938094 1267488644 1287883542 679771098 1104600910 525412836 489277096 1326577022 231059635 2104063731 2030249375
1842012059 845677122 916434691 670279783 685927835 338383738 475039118 625280779 635342069 335346457 544924628 259198036 241371482 654430454 113986955 1037982231 1001567875
2585903888 1187201909 1286534746 940970819 962938094 475039118 666882604 877799052 891923476 470775314 764991065 363874525 338848683 918720596 160020264 1457168845 1406048875
3403753275 1562680860 1693429960 1238573783 1267488644 625280779 877799052 1155422540 1174014096 619668458 1006936460 478957900 446017080 1209286378 210630191 1918030862 1850743125
3458522541 1587825575 1720678495 1258503297 1287883542 635342069 891923476 1174014096 1192904868 629639408 1023138887 486664729 453193894 1228744750 214019443 1948893463 1880522875
1825478525 838086591 908209038 664263572 679771098 335346457 470775314 619668458 629639408 332336472 540033498 256871541 239204959 648556441 112963825 1028665550 992578125
2966329838 1361857221 1475803390 1079401730 1104600910 544924628 764991065 1006936460 1023138887 540033498 877532898 417406008 388698540 1053878332 183561727 1671540453 1612899750
1410960154 647779049 701978458 513426627 525412836 259198036 363874525 478957900 486664729 256871541 417406008 198542750 184887779 501286218 87312724 795082453 767189500
1313920130 603227376 653699194 478115177 489277096 241371482 338848683 446017080 453193894 239204959 388698540 184887779 172171984 466809797 81307715 740399924 714425250
3562431366 1635530564 1772374898 1296313984 1326577022 654430454 918720596 1209286378 1228744750 648556441 1053878332 501286218 466809797 1265661450 220449529 2007446452 1937021625
620494950 284872350 308707456 225788422 231059635 113986955 160020264 210630191 214019443 112963825 183561727 87312724 81307715 220449529 38397360 349651621 337385125
5650318293 2594090225 2811137032 2056064032 2104063731 1037982231 1457168845 1918030862 1948893463 1028665550 1671540453 795082453 740399924 2007446452 349651621 3183980448 3072280750
5452094568 2503085025 2712517500 1983933875 2030249375 1001567875 1406048875 1850743125 1880522875 992578125 1612899750 767189500 714425250 1937021625 337385125 3072280750 2964500000
