# seed = 2003
# step = 8854
# prime = 7
# roots = 0
# n4 = 1324
3320 1625 9308 8843 7328 1570 4970 8760 4538 9525 611 3737 1372 7254 2482 5839 9725
1625 824 4548 4312 3553 763 2411 4289 2227 4649 279 1784 653 3576 1208 2850 4753
9308 4548 26416 25102 20835 4457 14124 24817 12854 27026 1736 10654 3895 20499 7037 16561 27587
8843 4312 25102 23858 19808 4237 13427 23580 12211 25684 1655 10138 3707 19469 6688 15738 26215
7328 3553 20835 19808 16464 3519 11158 19561 10126 21321 1387 8448 3089 16130 5553 13063 21756
1570 763 4457 4237 3519 756 2386 4186 2169 4559 293 1802 660 3455 1189 2798 4655
4970 2411 14124 13427 11158 2386 7564 13262 6866 14453 940 5724 2093 10937 3765 8857 14749
8760 4289 24817 23580 19561 4186 13262 23326 12083 25389 1627 9991 3654 19279 6612 15560 25921
4538 2227 12854 12211 10126 2169 6866 12083 6262 13148 838 5166 1889 9992 3425 8061 13426
9525 4649 27026 25684 21321 4559 14453 25389 13148 27654 1781 10909 3988 20968 7199 16942 28224
611 279 1736 1655 1387 293 940 1627 838 1781 132 730 267 1326 466 1089 1813
3737 1784 10654 10138 8448 1802 5724 9991 5166 10909 730 4366 1596 8211 2843 6681 11123
1372 653 3895 3707 3089 660 2093 3654 1889 3988 267 1596 586 3004 1040 2444 4067
7254 3576 20499 19469 16130 3455 10937 19279 9992 20968 1326 8211 3004 15964 5458 12852 21413
2482 1208 7037 6688 5553 1189 3765 6612 3425 7199 466 2843 1040 5458 1878 4415 7350
5839 2850 16561 15738 13063 2798 8857 15560 8061 16942 1089 6681 2444 12852 4415 10390 17297
9725 4753 27587 26215 21756 4655 14749 25921 13426 28224 1813 11123 4067 21413 7350 17297 28812
