# generation = 7
# prime = 5
# roots = 0
# n4 = 1324
# parent = (2, 1304)
5256817967818512 4465293350713990 2000508227158604 3610326740644584 510058855173635 108172198767386 5401247123555162 6469197887533611 5583086980002318 5582516045226715 2750686772632772 1287298989183246 88368433746082 5744929884842963 4435278270670771 1286008744033769 6519698686431991
4465293350713990 3792949428721586 1699289596760937 3066716041452585 433258756232865 91884596888289 4587975656380318 5495123949221402 4742435694155839 4741950725630618 2336512968667839 1093469024792234 75062705620587 4879909742386014 3767453750887851 1092373053213608 5538020789649810
2000508227158604 1699289596760937 761303357169526 1373927800354758 194105434572125 41165468332508 2055471460822323 2461885436466563 2124671522737125 2124454250668209 1046787534336440 489888033871323 33629047041833 2186261645245261 1687867208743544 489397024661498 2481103766698425
3610326740644584 3066716041452585 1373927800354758 2479534055394066 350303003719972 74291517072690 3709519150630443 4442976391205817 3834404832475461 3834012720536230 1889142456742636 884103271656884 60690501618171 3945556820371324 3046102003308992 883217144993635 4477659803453100
510058855173635 433258756232865 194105434572125 350303003719972 49490021783850 10495738715453 524072536126581 627693728146410 541716104835281 541660708140973 266893804346911 124904125025556 8574217792197 557419408100939 430346451211358 124778935040302 632593722749450
108172198767386 91884596888289 41165468332508 74291517072690 10495738715453 2225913976444 111144190462319 133119952800304 114886001043516 114874252630238 56602271209989 26489401570199 1818401899869 118216324250199 91266961424332 26462851543996 134159133249350
5401247123555162 4587975656380318 2055471460822323 3709519150630443 524072536126581 111144190462319 5549644417651324 6646936739232492 5736480257810825 5735893636810555 2826260888133738 1322667059245138 90796324222371 5902769737414204 4557135922963830 1321341365080927 6698825029155600
6469197887533611 5495123949221402 2461885436466563 4442976391205817 627693728146410 133119952800304 6646936739232492 7961188986240856 6870714321488335 6870011712026300 3385077658712869 1584188753049848 108748845483034 7069883055219798 5458186491314705 1582600938663584 8023336784310375
5583086980002318 4742435694155839 2124671522737125 3834404832475461 541716104835281 114886001043516 5736480257810825 6870714321488335 5929606164241458 5928999793898830 2921410556798088 1367196328630282 93853097997910 6101493990746564 4710557701876364 1365826003285369 6924349496709425
5582516045226715 4741950725630618 2124454250668209 3834012720536230 541660708140973 114874252630238 5735893636810555 6870011712026300 5928999793898830 5928393485564560 2921111809010932 1367056517100944 93843500440575 6100870042899259 4710075993242011 1365686331887516 6923641402434625
2750686772632772 2336512968667839 1046787534336440 1889142456742636 266893804346911 56602271209989 2826260888133738 3385077658712869 2921410556798088 2921111809010932 1439326559804192 673593098267267 46239737291963 3006096604577343 2320807253887594 672917963558825 3411502747119500
1287298989183246 1093469024792234 489888033871323 884103271656884 124904125025556 26489401570199 1322667059245138 1584188753049848 1367196328630282 1367056517100944 673593098267267 315236079639240 21639820159919 1406828708728517 1086118878289844 314920122098597 1596555479037475
88368433746082 75062705620587 33629047041833 60690501618171 8574217792197 1818401899869 90796324222371 108748845483034 93853097997910 93843500440575 46239737291963 21639820159919 1485495623128 96573717981578 74558144567023 21618130814056 109597776629000
5744929884842963 4879909742386014 2186261645245261 3945556820371324 557419408100939 118216324250199 5902769737414204 7069883055219798 6101493990746564 6100870042899259 3006096604577343 1406828708728517 96573717981578 6278364513249096 4847107668699668 1405418660299344 7125073010545600
4435278270670771 3767453750887851 1687867208743544 3046102003308992 430346451211358 91266961424332 4557135922963830 5458186491314705 4710557701876364 4710075993242011 2320807253887594 1086118878289844 74558144567023 4847107668699668 3742129451449890 1085030273679558 5500794985155800
1286008744033769 1092373053213608 489397024661498 883217144993635 124778935040302 26462851543996 1321341365080927 1582600938663584 1365826003285369 1365686331887516 672917963558825 314920122098597 21618130814056 1405418660299344 1085030273679558 314604481238630 1594955269622275
6519698686431991 5538020789649810 2481103766698425 4477659803453100 632593722749450 134159133249350 6698825029155600 8023336784310375 6924349496709425 6923641402434625 3411502747119500 1596555479037475 109597776629000 7125073010545600 5500794985155800 1594955269622275 8085969729612500
