# seed = 1000
# step = 6374
# prime = 11
# roots = 0
# n4 = 1326
37975558 28615215 11674544 17409857 17463328 8447665 12687412 24224468 12331550 15657141 11083835 10732278 11890556 12152406 27460856 7744393 19522364
28615215 21566636 8800405 13122721 13161411 6365969 9560516 18257608 9292357 11802538 8351716 8089671 8960489 9159804 20696746 5837897 14716383
11674544 8800405 3591600 5355258 5370499 2597392 3900656 7450193 3791246 4816818 3407313 3301379 3655992 3737988 8445486 2382573 6006077
17409857 13122721 5355258 7985200 8008282 3873284 5816836 11109319 5653682 7182129 5081249 4922632 5451891 5573727 12593455 3552525 8955331
17463328 13161411 5370499 8008282 8032002 3885003 5834586 11142006 5670932 7202561 5096900 4936793 5468368 5589868 12630541 3562601 8980741
8447665 6365969 2597392 3873284 3885003 1879250 2822361 5389185 2743195 3483444 2465577 2387695 2645139 2703602 6109180 1723002 4343416
12687412 9560516 3900656 5816836 5834586 2822361 4238824 8093550 4119927 5231297 3703028 3585788 3972620 4060241 9174851 2587527 6522747
24224468 18257608 7450193 11109319 11142006 5389185 8093550 15456310 7866542 9991727 7070222 6848492 7585615 7754430 17521196 4942222 12458523
12331550 9292357 3791246 5653682 5670932 2743195 4119927 7866542 4004370 5084568 3599168 3485213 3861195 3946363 8917510 2514955 6339795
15657141 11802538 4816818 7182129 7202561 3483444 5231297 9991727 5084568 6460016 4569677 4427606 4903182 5013165 11326539 3195360 8054970
11083835 8351716 3407313 5081249 5096900 2465577 3703028 7070222 3599168 4569677 3235026 3132327 3470447 3546820 8014797 2260271 5697769
10732278 8089671 3301379 4922632 4936793 2387695 3585788 6848492 3485213 4427606 3132327 3034666 3360841 3436036 7763399 2190048 5520746
11890556 8960489 3655992 5451891 5468368 2645139 3972620 7585615 3861195 4903182 3470447 3360841 3723188 3805507 8599038 2425245 6113646
12152406 9159804 3737988 5573727 5589868 2703602 4060241 7754430 3946363 5013165 3546820 3436036 3805507 3890522 8790362 2479683 6250860
27460856 20696746 8445486 12593455 12630541 6109180 9174851 17521196 8917510 11326539 8014797 7763399 8599038 8790362 19861954 5602457 14122878
7744393 5837897 2382573 3552525 3562601 1723002 2587527 4942222 2514955 3195360 2260271 2190048 2425245 2479683 5602457 1580548 3984288
19522364 14716383 6006077 8955331 8980741 4343416 6522747 12458523 6339795 8054970 5697769 5520746 6113646 6250860 14122878 3984288 10043726
