# seed = 1001
# step = 4854
# prime = 11
# roots = 0
# n4 = 1326
2671277144 867952550 117314943 1864048888 419218010 2193769587 1751946151 1422260093 1526111110 739589140 46227923 820973392 63101153 427747097 380640773 1647944807 2224719174
867952550 282015530 38118024 605667596 136212501 712800595 569243126 462121385 495864707 240307632 15020397 266751040 20502851 138983774 123677969 535450966 722856750
117314943 38118024 5152146 81863760 18410874 96344159 76940525 62461639 67022484 32480666 2030193 36054831 2771222 18785444 16716664 72373073 97703375
1864048888 605667596 81863760 1300755474 292535308 1530838506 1222528851 992469999 1064938491 516094084 32258392 572884994 44032719 298486984 265615664 1149955501 1552435500
419218010 136212501 18410874 292535308 65790162 344280165 274942417 223202989 239500896 116067736 7254793 128839811 9902803 67128669 59736022 258620919 349137250
2193769587 712800595 96344159 1530838506 344280165 1801619588 1438774835 1168022221 1253309245 607382947 37964395 674219272 51821407 351284597 312598868 1353364419 1827036750
1751946151 569243126 76940525 1222528851 274942417 1438774835 1149006732 932783474 1000893755 485056509 30318394 538432048 41384619 280536164 249641702 1080797893 1459073000
1422260093 462121385 62461639 992469999 223202989 1168022221 932783474 757249716 812542816 393777235 24613004 437108420 33596749 227744095 202663441 877410377 1184500625
1526111110 495864707 67022484 1064938491 239500896 1253309245 1000893755 812542816 871873336 422530182 26410201 469025343 36049919 244373575 217461588 941477421 1270990875
739589140 240307632 32480666 516094084 116067736 607382947 485056509 393777235 422530182 204768010 12798997 227300643 17470640 118429158 105386963 456261942 615951875
46227923 15020397 2030193 32258392 7254793 37964395 30318394 24613004 26410201 12798997 800012 14207398 1092003 7402399 6587202 28518604 38500000
820973392 266751040 36054831 572884994 128839811 674219272 538432048 437108420 469025343 227300643 14207398 252312772 19393102 131461074 116983732 506468946 683731125
63101153 20502851 2771222 44032719 9902803 51821407 41384619 33596749 36049919 17470640 1092003 19393102 1490588 10104286 8991527 38927883 52552500
427747097 138983774 18785444 298486984 67128669 351284597 280536164 227744095 244373575 118429158 7402399 131461074 10104286 68494428 60951356 263882593 356240500
380640773 123677969 16716664 265615664 59736022 312598868 249641702 202663441 217461588 105386963 6587202 116983732 8991527 60951356 54239010 234822158 317009000
1647944807 535450966 72373073 1149955501 258620919 1353364419 1080797893 877410377 941477421 456261942 28518604 506468946 38927883 263882593 234822158 1016638200 1372457625
2224719174 722856750 97703375 1552435500 349137250 1827036750 1459073000 1184500625 1270990875 615951875 38500000 683731125 52552500 356240500 317009000 1372457625 1852812500
