# generation = 4
# prime = 5
# roots = 0
# n4 = 1326
# parent = (1, 1311)
52745550 8138663 16155041 2878546 28659013 49421922 4217872 10320360 16298686 40089638 18169854 46266036 46871517 32826457 43346750 42962287 52310182
8138663 1255810 2492735 444159 4422116 7625864 650812 1592448 2514902 6185877 2803629 7138888 7232330 5065155 6688436 6629135 8071525
16155041 2492735 4948032 881647 8777797 15137159 1291858 3160951 4992020 12278806 5565112 14170514 14355986 10054187 13276389 13158660 16021775
2878546 444159 881647 157096 1564038 2697151 230189 563222 889485 2187853 991601 2524927 2557966 1791473 2365610 2344622 2854775
28659013 4422116 8777797 1564038 15571806 26853316 2291745 5607534 8855838 21782596 9872512 25138477 25467517 17836124 23552294 23343463 28422625
49421922 7625864 15137159 2697151 26853316 46308112 3952062 9670098 15271740 37563718 17024970 43350855 43918307 30758078 40615512 40255420 49014350
4217872 650812 1291858 230189 2291745 3952062 337296 825272 1303341 3205803 1452967 3699715 3748119 2624999 3466274 3435510 4183025
10320360 1592448 3160951 563222 5607534 9670098 825272 2019330 3189062 7844097 3555187 9052579 9171071 6422949 8481377 8406181 10235225
16298686 2514902 4992020 889485 8855838 15271740 1303341 3189062 5036406 12387978 5614601 14296508 14483629 10143588 13394431 13275658 16164225
40089638 6185877 12278806 2187853 21782596 37563718 3205803 7844097 12387978 30470560 13810161 35164932 35625205 24950050 32946099 32653974 39758950
18169854 2803629 5565112 991601 9872512 17024970 1452967 3555187 5614601 13810161 6259194 15937804 16146400 11308122 14932158 14799746 18019925
46266036 7138888 14170514 2524927 25138477 43350855 3699715 9052579 14296508 35164932 15937804 40582564 41113712 28793941 38021891 37684716 45884300
46871517 7232330 14355986 2557966 25467517 43918307 3748119 9171071 14483629 35625205 16146400 41113712 41651858 29170801 38519524 38177990 46484900
32826457 5065155 10054187 1791473 17836124 30758078 2624999 6422949 10143588 24950050 11308122 28793941 29170801 20429746 26977102 26737876 32555600
43346750 6688436 13276389 2365610 23552294 40615512 3466274 8481377 13394431 32946099 14932158 38021891 38519524 26977102 35622796 35306891 42989100
42962287 6629135 13158660 2344622 23343463 40255420 3435510 8406181 13275658 32653974 14799746 37684716 38177990 26737876 35306891 34993858 42607950
52310182 8071525 16021775 2854775 28422625 49014350 4183025 10235225 16164225 39758950 18019925 45884300 46484900 32555600 42989100 42607950 51878750
