# seed = 2002
# step = 8497
# prime = 5
# roots = 0
# n4 = 1326
7045356 6179120 5369362 665764 4949618 4236200 1527405 806581 2351324 3300858 475038 261954 1251008 4347019 2348555 1817863 5780309
6179120 5419594 4709539 583957 4341299 3715659 1339620 707441 2062275 2895169 416568 229707 1097211 3812828 2059832 1594367 5070010
5369362 4709539 4092666 507470 3772595 3228993 1164080 614758 1792069 2515900 361926 199566 953434 3313400 1789930 1385448 4405940
665764 583957 507470 62926 467779 400380 144337 76226 222203 311957 44873 24746 118220 410848 221940 171783 546315
4949618 4341299 3772595 467779 3477596 2976461 1073076 566693 1651964 2319167 333659 183969 878899 3054269 1649985 1277148 4061365
4236200 3715659 3228993 400380 2976461 2547592 918412 485026 1413879 1984964 285535 157435 752225 2614175 1412181 1093068 3476165
1527405 1339620 1164080 144337 1073076 918412 331138 174866 509764 715624 102983 56785 271214 942432 509160 394110 1253175
806581 707441 614758 76226 566693 485026 174866 92348 269200 377920 54376 29978 143225 497705 268875 208123 661815
2351324 2062275 1792069 222203 1651964 1413879 509764 269200 784758 1101676 158525 87401 417517 1450846 783817 606712 1929235
3300858 2895169 2515900 311957 2319167 1984964 715624 377920 1101676 1546628 222516 122693 586128 2036858 1100361 851715 2708475
475038 416568 361926 44873 333659 285535 102983 54376 158525 222516 32052 17674 84346 293013 158341 122569 389620
261954 229707 199566 24746 183969 157435 56785 29978 87401 122693 17674 9768 46507 161575 87320 67571 214830
1251008 1097211 953434 118220 878899 752225 271214 143225 417517 586128 84346 46507 222140 771898 417020 322792 1026410
4347019 3812828 3313400 410848 3054269 2614175 942432 497705 1450846 2036858 293013 161575 771898 2682520 1449121 1121645 3567025
2348555 2059832 1789930 221940 1649985 1412181 509160 268875 783817 1100361 158341 87320 417020 1449121 782898 605980 1926925
1817863 1594367 1385448 171783 1277148 1093068 394110 208123 606712 851715 122569 67571 322792 1121645 605980 469068 1491490
5780309 5070010 4405940 546315 4061365 3476165 1253175 661815 1929235 2708475 389620 214830 1026410 3567025 1926925 1491490 4743200
