# generation = 7
# prime = 7
# roots = 0
# n4 = 1328
# parent = (2, 1309)
46884120124 18800740013 15154661076 14054795364 23823610308 20079866165 26216509545 25536428654 24366541099 22465473841 27668683890 23275876810 16339420840 16137804017 32343778053 14438874735 24811498517
18800740013 7539180272 6077086217 5636035232 9553373333 8052115301 10512936526 10240221003 9771090950 9008754585 11095264872 9333729837 6552180167 6471330968 12969998378 5790052678 9949520875
15154661076 6077086217 4898540340 4543023530 7700661548 6490546632 8474134035 8254307047 7876156629 7261662200 8943529846 7523614031 5281497979 5216328032 10454691140 4667172041 8019983125
14054795364 5636035232 4543023530 4213308776 7141777892 6019488344 7859114761 7655241919 7304536185 6734639369 8294443680 6977579770 4898187653 4837747480 9695930811 4328447011 7437924375
23823610308 9553373333 7700661548 7141777892 12105685650 10203346392 13321608989 12976033875 12381569398 11415564620 14059514189 11827361250 8302683268 8200234013 16435107870 7336943152 12607669375
20079866165 8052115301 6490546632 6019488344 10203346392 8599948880 11228194329 10936924374 10435876587 9621673930 11850141943 9968759057 6997964079 6911614124 13852424657 6183984506 10626446250
26216509545 10512936526 8474134035 7859114761 13321608989 11228194329 14659662544 14279377081 13625203189 12562170611 15471684664 13015329068 9136624192 9023884708 18085888559 8073882929 13874013125
25536428654 10240221003 8254307047 7655241919 12976033875 10936924374 14279377081 13908956630 13271752595 12236296063 15070334591 12677699146 8899611560 8789796644 17616723575 7864438862 13514108125
24366541099 9771090950 7876156629 7304536185 12381569398 10435876587 13625203189 13271752595 12663740486 11675720810 14379924954 12096902125 8491898142 8387114121 16809657508 7504149261 12894993125
22465473841 9008754585 7261662200 6734639369 11415564620 9621673930 12562170611 12236296063 11675720810 10764786032 13258009311 11153106962 7829363847 7732755032 15498175143 6918678676 11888931250
27668683890 11095264872 8943529846 8294443680 14059514189 11850141943 15471684664 15070334591 14379924954 13258009311 16328686002 13736268939 9642716403 9523732105 19087694811 8521108197 14642516875
23275876810 9333729837 7523614031 6977579770 11827361250 9968759057 13015329068 12677699146 12096902125 11153106962 13736268939 11555435930 8111794530 8011700743 16057244879 7168257964 12317803750
16339420840 6552180167 5281497979 4898187653 8302683268 6997964079 9136624192 8899611560 8491898142 7829363847 9642716403 8111794530 5694394496 5624129695 11272017108 5032041770 8646968750
16137804017 6471330968 5216328032 4837747480 8200234013 6911614124 9023884708 8789796644 8387114121 7732755032 9523732105 8011700743 5624129695 5554731936 11132928406 4969949936 8540271250
32343778053 12969998378 10454691140 9695930811 16435107870 13852424657 18085888559 17616723575 16809657508 15498175143 19087694811 16057244879 11272017108 11132928406 22312885062 9960894181 17116618750
14438874735 5790052678 4667172041 4328447011 7336943152 6183984506 8073882929 7864438862 7504149261 6918678676 8521108197 7168257964 5032041770 4969949936 9960894181 4446731772 7641182500
24811498517 9949520875 8019983125 7437924375 12607669375 10626446250 13874013125 13514108125 12894993125 11888931250 14642516875 12317803750 8646968750 8540271250 17116618750 7641182500 13130468750
