# generation = 4
# prime = 11
# roots = 0
# n4 = 1333
# parent = (2, 1309)
19619434 30351248 13547291 47390590 16985625 7455810 49930001 3070025 41824598 25286580 41598326 26098582 41595767 42278487 39686720 56072607 64980948
30351248 46953804 20957790 73313690 26276823 11534199 77242154 4749391 64703118 39118569 64352965 40374608 64349011 65405369 61395746 86744885 100526195
13547291 20957790 9354504 32723542 11728669 5148287 34477015 2119881 28880203 17460562 28723928 18021216 28722163 29193636 27403967 38718544 44869825
47390590 73313690 32723542 114472170 41028754 18009531 120606098 7415684 101027556 61079828 100480887 63041092 100474711 102123994 95863450 135443645 156961805
16985625 26276823 11728669 41028754 14705424 6454921 43227264 2657895 36209958 21892041 36014049 22595026 36011835 36602916 34359069 48545273 56257740
7455810 11534199 5148287 18009531 6454921 2833384 18974563 1166684 15894334 9609487 15808327 9918050 15807358 16066830 15081883 21308907 24694285
49930001 77242154 34477015 120606098 43227264 18974563 127068714 7813047 106441059 64352757 105865105 66419125 105858596 107596241 101000241 142701319 165372515
3070025 4749391 2119881 7415684 2657895 1166684 7813047 480406 6544730 3956845 6509307 4083885 6508906 6615770 6210186 8774253 10168235
41824598 64703118 28880203 101027556 36209958 15894334 106441059 6544730 89162014 53906076 88679529 55636967 88674078 90129693 84604415 119535970 138526850
25286580 39118569 17460562 61079828 21892041 9609487 64352757 3956845 53906076 32590854 53614389 33637341 53611092 54491112 51150623 72269742 83751360
41598326 64352965 28723928 100480887 36014049 15808327 105865105 6509307 88679529 53614389 88199692 55335952 88194263 89641949 84146608 118889138 137777255
26098582 40374608 18021216 63041092 22595026 9918050 66419125 4083885 55636967 33637341 55335952 34717482 55332546 56240754 52793057 74590302 86440585
41595767 64349011 28722163 100474711 36011835 15807358 105858596 6508906 88674078 53611092 88194263 55332546 88188842 89636441 84141434 118881831 137768785
42278487 65405369 29193636 102123994 36602916 16066830 107596241 6615770 90129693 54491112 89641949 56240754 89636441 91107902 85522618 120833284 140030275
39686720 61395746 27403967 95863450 34359069 15081883 101000241 6210186 84604415 51150623 84146608 52793057 84141434 85522618 80279790 113425787 131445930
56072607 86744885 38718544 135443645 48545273 21308907 142701319 8774253 119535970 72269742 118889138 74590302 118881831 120833284 113425787 160257140 185717455
64980948 100526195 44869825 156961805 56257740 24694285 165372515 10168235 138526850 83751360 137777255 86440585 137768785 140030275 131445930 185717455 215222700
