# seed = 2002
# step = 5641
# prime = 7
# roots = 0
# n4 = 1333
1676 360 158 307 1451 1373 313 654 315 1455 742 606 1112 150 947 413 1574
360 96 29 73 338 329 64 155 69 339 164 119 260 28 201 93 371
158 29 18 27 130 120 31 57 30 131 68 60 98 15 91 38 140
307 73 27 60 276 265 56 125 58 277 137 107 212 26 173 77 301
1451 338 130 276 1316 1261 265 596 276 1315 656 506 1002 112 818 372 1435
1373 329 120 265 1261 1216 249 573 263 1260 624 472 960 102 774 356 1379
313 64 31 56 265 249 60 119 59 266 137 115 203 29 178 76 287
654 155 57 125 596 573 119 272 125 595 297 226 455 50 368 169 651
315 69 30 58 276 263 59 125 62 276 140 112 210 27 180 80 301
1455 339 131 277 1315 1260 266 595 276 1318 657 509 1002 114 821 371 1435
742 164 68 137 656 624 137 297 140 657 334 265 501 61 419 187 714
606 119 60 107 506 472 115 226 112 509 265 228 388 58 344 145 546
1112 260 98 212 1002 960 203 455 210 1002 501 388 768 90 625 282 1092
150 28 15 26 112 102 29 50 27 114 61 58 90 22 84 31 119
947 201 91 173 818 774 178 368 180 821 419 344 625 84 540 234 889
413 93 38 77 372 356 76 169 80 371 187 145 282 31 234 108 406
1574 371 140 301 1435 1379 287 651 301 1435 714 546 1092 119 889 406 1568
