# generation = 4
# prime = 7
# roots = 0
# n4 = 1333
# parent = (1, 1313)
18702686 32109608 16565298 26721249 36486422 7031123 9999878 12103437 29091971 31806048 5295835 23738810 13014825 37106798 30585100 37061920 6816361
32109608 55127282 28440086 45876267 62641568 12071352 17168250 20779749 49946446 54606104 9092120 40755861 22344444 63706696 52509913 63629611 11702665
16565298 28440086 14672220 23667531 32316725 6227602 8857076 10720264 25767349 28171247 4690604 21025892 11527472 32866265 27089830 32826479 6037395
26721249 45876267 23667531 38177756 52129643 10045659 14287220 17292696 41564932 45442618 7566352 33916575 18594803 53016073 43698211 52951920 9738820
36486422 62641568 32316725 52129643 71180196 13716798 19508429 23612227 56754637 62049418 10331450 46311252 25390195 72390534 59667520 72302951 13297830
7031123 12071352 6227602 10045659 13716798 2643302 3759375 4550202 10936922 11957249 1990922 8924419 4892824 13950043 11498248 13933164 2562560
9999878 17168250 8857076 14287220 19508429 3759375 5346700 6471421 15554789 17005943 2831556 12692580 6958718 19840126 16353130 19816132 3644550
12103437 20779749 10720264 17292696 23612227 4550202 6471421 7832776 18826940 20583338 3427190 15362568 8422552 24013778 19793207 23984695 4411225
29091971 49946446 25767349 41564932 56754637 10936922 15554789 18826940 45252646 49474349 8237637 36925667 20244548 57719770 47575181 57649893 10602865
31806048 54606104 28171247 45442618 62049418 11957249 17005943 20583338 49474349 54089928 9006155 40370570 22133215 63104548 52013568 63028168 11592035
5295835 9092120 4690604 7566352 10331450 1990922 2831556 3427190 8237637 9006155 1499572 6721862 3685264 10507095 8660435 10494400 1930110
23738810 40755861 21025892 33916575 46311252 8924419 12692580 15362568 36925667 40370570 6721862 30131046 16519371 47098665 38820858 47041715 8651825
13014825 22344444 11527472 18594803 25390195 4892824 6958718 8422552 20244548 22133215 3685264 16519371 9056764 25821917 21283585 25790681 4743375
37106798 63706696 32866265 53016073 72390534 13950043 19840126 24013778 57719770 63104548 10507095 47098665 25821917 73621620 60682154 73532452 13523965
30585100 52509913 27089830 43698211 59667520 11498248 16353130 19793207 47575181 52013568 8660435 38820858 21283585 60682154 50016926 60608709 11147045
37061920 63629611 32826479 52951920 72302951 13933164 19816132 23984695 57649893 63028168 10494400 47041715 25790681 73532452 60608709 73443454 13507585
6816361 11702665 6037395 9738820 13297830 2562560 3644550 4411225 10602865 11592035 1930110 8651825 4743375 13523965 11147045 13507585 2484300
