# seed = 1003
# step = 8640
# prime = 7
# roots = 0
# n4 = 1337
35444 10289 45402 37280 20603 26974 43201 33267 41087 46196 26910 10272 35025 44371 28583 12606 48479
10289 3084 13596 11159 6119 8039 12874 9959 12287 13800 8035 2980 10470 13349 8524 3708 14553
45402 13596 61800 50812 27930 36346 58385 45088 55580 62609 36605 13594 47659 60498 38568 16487 66297
37280 11159 50812 41784 22972 29877 48001 37064 45686 51474 30102 11184 39191 49732 31704 13541 54516
20603 6119 27930 22972 12656 16434 26410 20368 25111 28306 16559 6195 21553 27301 17437 7463 29953
26974 8039 36346 29877 16434 21414 34377 26538 32724 36847 21528 8027 28030 35575 22716 9762 38962
43201 12874 58385 48001 26410 34377 55210 42613 52540 59180 34593 12901 45033 57129 36473 15646 62601
33267 9959 45088 37064 20368 26538 42613 32916 40578 45691 26704 9918 34768 44155 28159 12066 48356
41087 12287 55580 45686 25111 32724 52540 40578 50030 56330 32915 12236 42856 54424 34720 14893 59598
46196 13800 62609 51474 28306 36847 59180 45691 56330 63450 37089 13804 48286 61281 39096 16749 67144
26910 8035 36605 30102 16559 21528 34593 26704 32915 37089 21700 8079 28240 35816 22848 9765 39270
10272 2980 13594 11184 6195 8027 12901 9918 12236 13804 8079 3086 10504 13246 8514 3683 14553
35025 10470 47659 39191 21553 28030 45033 34768 42856 48286 28240 10504 36764 46641 29744 12713 51128
44371 13349 60498 49732 27301 35575 57129 44155 54424 61281 35816 13246 46641 59282 37751 16131 64911
28583 8524 38568 31704 17437 22716 36473 28159 34720 39096 22848 8514 29744 37751 24102 10349 41349
12606 3708 16487 13541 7463 9762 15646 12066 14893 16749 9765 3683 12713 16131 10349 4518 17633
48479 14553 66297 54516 29953 38962 62601 48356 59598 67144 39270 14553 51128 64911 41349 17633 71148
