1 0 1
-0.87688337793147741 1 -0.67275982790128064
-0.020805665890866635 0.0097313814237168905 -0.018818169320998866
-0.020805590440359355 0.0097316240733322842 -0.018818038470838638
-0.02080502380806535 0.0097345183530669777 -0.018814323291093057
-0.020805594138542889 0.00973161110266124 -0.018818045913523859
-0.020805598370504171 0.0097315964675261726 -0.018818054259356513
-0.020805588906343798 0.0097316280010535227 -0.018818039676043164
-0.99998003163425153 -9.5842657469970873e-06 -0.99998198905822111
-0.99956883176295552 -0.00048524803884045827 -0.9996678828315041
-0.99956882994945329 -0.00048524220967257459 -0.9996678796880285
-0.99956881633351236 -0.00048517267976235737 -0.99966779046733723
-0.99956883003839092 -0.00048524252143125992 -0.99966787986687877
-0.99956883014016062 -0.00048524287302522447 -0.99966788006733376
-0.99956882991257412 -0.00048524211501913857 -0.99966787971668314
-0.020335309984734852 0.0097362863597113929 -0.018346811669381697
-0.020335233032782622 0.0097365338407988371 -0.018346678213936041
-0.020334655120514574 0.0097394857526080045 -0.018342889030284464
-0.020335236804437603 0.0097365206121578715 -0.018346685804652301
-0.020335241120557335 0.0097365056856678848 -0.018346694316654106
-0.020335231468487765 0.0097365378461098384 -0.018346679443612283
0.0036242923603644907 0.010314283982332946 0.0052113971709681845
-0.0024796468524467454 -0.0089264023601631232 -0.0049585009569135642
0.0039837682974959258 0.011462527014336614 0.0058476677130840206
0.0044415650124475826 0.012924811074403818 0.0066579555882589859
0.0034834996927935527 0.010002999372429426 0.0053056328014862422
-0.0032494347480540803 -0.0099820920706638894 -0.0053208608648232843
-0.0099511799802004114 -0.01561424344668823 -0.0033205666742336984
-0.0064070378941011421 -0.012645484202797524 -0.0043795737230609656
0.012530599093115755 0.019102392355951122 0.0075537185429039805
0.0032066352313705688 0.0099216830322403742 0.0052995416423321784
0.0031585640890440339 0.0098540744389768314 0.0052757702171197978
0.0032676035990860208 0.0099895102274830169 0.0053175368148813624
-0.014925497399191889 -0.032724302867968111 -0.013046462488751381
0.006029483778089189 0.010764795997022096 0.004914459637279843
0.0048128180218262933 0.010224973400363553 0.0051486946831840168
