0.00042563313594323401 -0.00044866944277135941 0.00078793018861356839 -0.00043712438944713247 0.00033521295605363187
0.99913060632494521 0.00092634079782555941 1.9983841259022292 0.00089929784928793736 0.99931696407873316
0.00040628224535466627 -0.00043971444023593274 0.00075115292610930182 -0.00042813034334143632 0.00031769498534543484
3.6215598282103578e-06 2.1868454936287516e-05 4.491265407852163e-05 3.5438017601834617e-05 9.4559596486635757e-06
3.6197410614065284e-06 2.1862590134851185e-05 4.4907618114136544e-05 3.5432126422681306e-05 9.452800410571117e-06
3.6060862222131451e-06 2.1792719179415548e-05 4.4803731465647978e-05 3.5361315361671133e-05 9.3631350464459447e-06
3.6198302935941395e-06 2.1862903755012889e-05 4.4907890071475137e-05 3.5432441580173044e-05 9.4529801932323246e-06
3.6199323701965186e-06 2.1863257414063945e-05 4.4908197040772341e-05 3.5432797032215017e-05 9.4531816639478862e-06
3.6197039802350617e-06 2.1862494758374046e-05 4.4907608898258483e-05 3.5432031669136601e-05 9.452829111201641e-06
0.00044376053911154845 -0.0004776713550542 0.00082794390915719163 -0.00046217345984080489 0.00034782296521318479
0.76809254311122033 -1.7528783719799474 2.1783247377386261 -1.3446544010697727 0.45195287809636164
3.6210373909269277e-06 2.1865246718192508e-05 4.4906028862690172e-05 3.5432805127842958e-05 9.4545808914874415e-06
3.6197165673320622e-06 2.1862483057921939e-05 4.4907503007345366e-05 3.5432110633038492e-05 9.4528154257599739e-06
3.6097934887188623e-06 2.1822951400728702e-05 4.4891815494640377e-05 3.5466323330099594e-05 9.4026698016888773e-06
3.6197812209420562e-06 2.186263718413133e-05 4.4907427482881947e-05 3.5432138782083924e-05 9.452915756627818e-06
3.619855241295271e-06 2.1862810142962117e-05 4.4907342221481034e-05 3.5432171702778103e-05 9.4530283905060452e-06
3.619689816307056e-06 2.1862444854217657e-05 4.4907581085104251e-05 3.5432034105360214e-05 9.4528320843012179e-06
0.00042317509693878298 -0.00046745820885988021 0.00078876336776298808 -0.00045199931969581162 0.00032931937675769173
3.6215471862881266e-06 2.186837783619741e-05 4.4912495018756271e-05 3.5437892381788859e-05 9.4559264399381502e-06
3.6197405124775706e-06 2.1862587568594733e-05 4.4907615285545016e-05 3.5432126046414146e-05 9.4528008149561962e-06
3.6061752115290613e-06 2.1793445449860672e-05 4.4805847182138869e-05 3.5363836896697105e-05 9.3640840684431152e-06
3.6198290788436172e-06 2.1862897283274345e-05 4.4907878993274281e-05 3.5432434372781785e-05 9.4529786139259605e-06
3.6199304538301474e-06 2.1863246607724886e-05 4.4908176574164765e-05 3.5432782069664748e-05 9.4531779200665454e-06
3.619703867068641e-06 2.1862493684032631e-05 4.4907607960432278e-05 3.5432031583768284e-05 9.452829404498278e-06
3.6210269923803206e-06 2.1865182849891561e-05 4.4905896947333712e-05 3.5432701338012062e-05 9.4545534376619872e-06
3.6197160815006893e-06 2.1862480932644825e-05 4.4907500725313489e-05 3.5432110326284955e-05 9.4528157297093852e-06
3.6098672933901669e-06 2.1823553395619e-05 4.489356983971367e-05 3.5468415235514816e-05 9.4034575854493032e-06
3.6197802442932271e-06 2.1862631881883648e-05 4.4907418278634882e-05 3.5432132757700567e-05 9.4529144759630619e-06
3.6198537063431469e-06 2.1862801242401056e-05 4.4907325205609141e-05 3.543215925459456e-05 9.453025339365325e-06
3.6196895420737289e-06 2.1862443872888977e-05 4.4907580549173143e-05 3.543203416594695e-05 9.452832150029023e-06
5.8941942237795254e-06 3.1032916208459568e-05 5.4339435782682031e-05 3.6633516707668825e-05 8.2499004143405034e-06
-1.078997537574451e-06 6.0747691640030885e-07 1.455493613268596e-05 1.7723816325822944e-05 5.7676370446032117e-06
8.6290197263290889e-06 4.7596744766509257e-05 8.8160487903749137e-05 6.3187639082171518e-05 1.5286277840749399e-05
1.2486007561391619e-05 7.1081064970782626e-05 0.00013637337538021957 0.00010123482160598743 2.5419231302617591e-05
4.893506301247357e-06 2.595994078708245e-05 4.7204073936148833e-05 3.5274433896244497e-05 9.240950664341532e-06
3.3329988982416112e-06 2.1217004351113962e-05 4.4510392894862118e-05 3.5433204311364184e-05 9.4956248857909252e-06
9.1786411643340798e-05 0.00026703479969545469 0.0002200762034499447 3.2831704862035355e-05 -7.879617565771996e-06
3.3810461144844949e-05 0.00011831434540424709 0.0001262126451756153 3.9898737205012832e-05 2.7468392120708315e-07
0.00014977646859075177 0.00043500375577041966 0.00046439140415503342 0.00021772403261413256 3.8153034303638677e-05
3.0565929912596971e-06 1.9974813796918679e-05 4.2715566535959042e-05 3.4366987840912737e-05 9.2690263791345747e-06
2.7505085121889042e-06 1.8593474713958413e-05 4.0718571242161509e-05 3.3181552490984745e-05 9.0174346734544469e-06
3.4514430783117093e-06 2.1628305207070649e-05 4.4830179090238857e-05 3.5445829763741939e-05 9.4602336199710392e-06
0.00021553070994949317 0.00093312683352337472 0.0013705137949712851 0.00078300754106258228 0.0001513040216132167
2.9115140356411479e-05 8.6086927163581386e-05 8.5328643209875112e-05 3.4941837612523777e-05 5.24610422201876e-06
1.5923580960784376e-05 5.4696120335490385e-05 6.4293736219329901e-05 3.4425703662948029e-05 7.6030461654978381e-06
