-8.7802381504853422e-06 1.3896571182522629e-05 -2.7979530147714815e-05 2.5917122060466013e-05 -2.5358603275278328e-05 1.2062761878128481e-05 -6.1301669603495042e-06
-0.9986961929508511 -0.0013889068117798197 -2.9962731893724692 -0.0027373496013921176 -2.9965525882330204 -0.0013484850006143128 -0.99897562095571857
-8.1882361545465576e-06 1.3306812278532438e-05 -2.6243344387277823e-05 2.4771435936510859e-05 -2.3738924954176913e-05 1.1506041739651357e-05 -5.6552199978537178e-06
6.3024585550408574e-12 3.8720306312373803e-11 8.6520957065516768e-11 1.0235871552482026e-10 9.7242316191176197e-11 6.3096106486654364e-11 1.6650824231082849e-11
2.9266866707899908e-13 1.2949144794632828e-12 1.7004453400915054e-12 1.4986938556491025e-12 1.2145549239043101e-12 1.8992521536730405e-13 -1.8409836715183375e-13
-4.4659595466178814e-11 -3.6464032287337675e-10 -1.1093866381095552e-09 -1.6403754614954628e-09 -1.5521851637090524e-09 -1.2720145318172279e-09 -4.7690985309824884e-10
5.9500321336614093e-13 3.2238777213132799e-12 6.1998184364142617e-12 6.9243126857299053e-12 6.398745635022726e-12 3.6582917249156643e-12 7.8011635611447802e-13
9.3489105346122869e-13 5.4034903450555366e-12 1.1284972956104866e-11 1.3040244069024293e-11 1.2243676383949777e-11 7.5633370537283436e-12 1.8548907344411124e-12
1.5356466098737087e-13 5.9789453661467096e-13 5.2138848793958914e-13 5.8415314144015518e-13 3.0883628987510292e-13 -1.3261662818245257e-14 -5.0799642270504819e-14
-9.3471650178290899e-06 1.5105341100317966e-05 -3.0161593564222849e-05 2.8133860616046997e-05 -2.7265126427897825e-05 1.2986308515543933e-05 -6.4798421992034163e-06
0.67316313338349087 -2.3043572836947126 4.1783589716823792 -4.5352488160093714 3.2052179469214113 -1.35596511162357 0.30383635284393212
-4.573897441961035e-12 -2.2946504634293371e-11 -2.9931484269324913e-11 -1.9920232557392708e-12 -5.3922124571166834e-12 -2.1576087298096416e-11 -9.3011852001179075e-12
-2.1338528715536282e-13 -6.9333725704625281e-13 -1.1460167057410035e-13 2.7642239896780857e-13 -4.8705263184112974e-13 -2.5330865368862563e-13 1.0174840638543965e-13
3.2463159839056423e-11 2.2825228747960216e-10 4.9865729583126943e-10 2.5566044816122471e-10 -9.4623672243341781e-11 3.1878756800873972e-10 2.6690324187759405e-10
-4.2891159577457781e-13 -1.8495175043450971e-12 -1.7548072099148743e-12 1.0952765184071324e-13 -7.0019753612825947e-13 -1.4082179568492351e-12 -4.3475090030547971e-13
-6.7481803361934579e-13 -3.1562906483578474e-12 -3.5991640440560801e-12 -6.8474936278876269e-14 -9.454257648565563e-13 -2.7084864841382672e-12 -1.0339392492538955e-12
-1.2258096488272467e-13 -2.921090222463528e-13 1.6131210882580453e-13 -3.3959373670327392e-14 -1.7829599355625482e-13 -6.5020112503724053e-15 2.2621900351766679e-14
8.7042781071744457e-06 -1.4436240441664458e-05 2.8258627671196024e-05 -2.6839972257704323e-05 2.5494769827716368e-05 -1.2362393299589864e-05 5.9689620497405116e-06
-6.297629084883738e-12 -3.8346748085921201e-11 -8.5154105988749507e-11 -9.9953443525452323e-11 -9.5026653212926249e-11 -6.2098416686584557e-11 -1.6510348643805628e-11
-2.7344793096517606e-13 -1.2752409805222298e-12 -1.6706636074559356e-12 -1.4503745426885928e-12 -1.2021494910641195e-12 -1.886043404786264e-13 2.0150547896946591e-13
4.4328762882628325e-11 3.6136245861947969e-10 1.0947238671121795e-09 1.6071278544083079e-09 1.5126606633941719e-09 1.2491412791290624e-09 4.7183446039156252e-10
-6.0529359302563535e-13 -3.2180829181993609e-12 -6.0929039591428591e-12 -6.755372736894083e-12 -6.2589933236267825e-12 -3.5756608177811566e-12 -7.8514972301491071e-13
-9.5479180117763462e-13 -5.374125623680559e-12 -1.1098233443362915e-11 -1.2728804989203812e-11 -1.1968204205459188e-11 -7.4211988550926256e-12 -1.8611778784816124e-12
-5.6066262743570405e-14 -5.3294608309828462e-13 -5.1825210789502307e-13 -5.7361190450300192e-13 -3.1974423109204508e-13 -4.2868486538338857e-14 1.4666046155298318e-13
-4.5396815358923022e-12 -2.263251963093146e-11 -2.8804556752092892e-11 6.3093857937714104e-15 -3.5633699495881549e-12 -2.0749337147687183e-11 -9.1552470628513544e-12
-2.1179291773056746e-13 -6.8132525073421202e-13 -8.2716233358202593e-14 3.1189053821697142e-13 -4.725332911146695e-13 -2.5452227402512212e-13 9.9948509653402257e-14
3.222011304881609e-11 2.2553607600077482e-10 4.8649229859431403e-10 2.2807192758523783e-10 -1.274421391069772e-10 2.9978577142782895e-10 2.6271517544104299e-10
-4.2573147325454964e-13 -1.8222282203669317e-12 -1.6660104624533802e-12 2.4963064181406959e-13 -5.8672257183993784e-13 -1.363279011773748e-12 -4.2816384864126887e-13
-6.6980238562041987e-13 -3.1116202754070781e-12 -3.4458450090708859e-12 1.8983257552159481e-13 -7.2047013130851004e-13 -2.6116982942216193e-12 -1.0179439595460753e-12
-1.2159538445035388e-13 -2.8579557408256635e-13 1.7531620618671355e-13 -2.2804671427059317e-14 -1.7556489167189562e-13 -7.0511545685386298e-15 2.2168777535534149e-14
-8.2429939363179466e-09 -5.6694003825819764e-08 -1.4062039043626679e-07 -1.4942534807503814e-07 -5.7183551829682295e-08 6.1463206777971594e-09 6.2686028575402308e-09
-1.1662024735368708e-08 -9.47175038972888e-08 -2.8845470328129157e-07 -4.204351071305982e-07 -3.1789584141489109e-07 -1.2082243168247744e-07 -1.8305201985870325e-08
-1.9954862451662619e-08 -1.599324100361298e-07 -4.9656904906776941e-07 -7.5683037432266965e-07 -5.943036264707196e-07 -2.2916384146631753e-07 -3.4110414273097754e-08
-3.9378323364923218e-08 -3.3319103943704766e-07 -1.1013980472000291e-06 -1.8021110568563647e-06 -1.5303518327286787e-06 -6.4445756527225846e-07 -1.0629940453957047e-07
-4.4371276066292707e-09 -2.701468978217862e-08 -5.5744292654056369e-08 -4.416150786196729e-08 -9.8693632396036563e-09 2.9555537029210474e-09 1.1241078956021931e-09
-9.3204261738735366e-10 -4.9613704662584528e-09 -9.2624697627094586e-09 -7.3982070080756031e-09 -1.9648797567612054e-09 4.3302322501598445e-10 2.2804717262082389e-10
8.7736211454720177e-07 3.816407346916785e-06 5.8640742936626196e-06 3.5233568424922341e-06 3.6857612619722825e-07 -2.7926765690083183e-07 -5.7553265417766875e-08
1.9343279495612328e-07 9.9974502993531211e-07 1.8728243208674278e-06 1.4791752540816514e-06 3.5375806146047762e-07 -9.6500065789463792e-08 -4.0196053705644128e-08
-1.831431650100647e-06 -7.9688507650837149e-06 -1.4252396276660366e-05 -1.3418124244710219e-05 -7.0105063077956326e-06 -1.925225070477837e-06 -2.1679330484537855e-07
1.8066839492411499e-09 1.1645897435567793e-08 2.8754113117917627e-08 3.5180996948856784e-08 2.2785676824029398e-08 7.4752110018432332e-09 9.7564265441923928e-10
2.7470566257352759e-09 1.8900585446447364e-08 5.0052051530081719e-08 6.5659247793004013e-08 4.5676014173702995e-08 1.6178499774408304e-08 2.3007455849739984e-09
5.49972089052488e-10 2.4466892782611196e-09 3.4877019539544817e-09 1.9742944315959589e-09 2.5001181410824198e-10 -1.473611058849125e-10 -3.9415386293905767e-11
3.1628746881613732e-06 2.0535699996734526e-05 5.2370485458900782e-05 6.6426223071296045e-05 4.3875532636197452e-05 1.4395183276194368e-05 1.8506535107597886e-06
-1.5372415344432459e-07 -6.6169274289035867e-07 -1.0603766575094287e-06 -7.477963680142703e-07 -1.6800601650081485e-07 4.7693556720064972e-08 2.0673742043215387e-08
-5.9216156562052374e-08 -2.8382847743291986e-07 -4.9237323740582995e-07 -3.6242909233651363e-07 -8.062059779348028e-08 2.40952391974812e-08 9.5239279133053325e-09
