rootmask = 131072
rows = 0,2
h = 3
u = 16037
v = 31861
raw_det = 948
raw_index = 1
determinant = 948
root_reps_orthogonal = 1
norm4_reps_orthogonal = 1311

gram =
[[26 0 0 -3 2 0 0]
 [0 2 -3 -1 1 -1 2]
 [0 -3 14 2 -2 1 -4]
 [-3 -1 2 12 2 6 -7]
 [2 1 -2 2 2 0 -1]
 [0 -1 1 6 0 6 -3]
 [0 2 -4 -7 -1 -3 6]]

basis_coords =
[[1 7 -1 -2 0 0 0 1 -11 1 -8 6 1 -1 -4 0 -1 1 2 -3 -2 -4 4 2]
 [0 0 0 0 0 1 1 0 -1 0 -1 0 0 0 -1 0 0 0 1 0 0 0 0 1]
 [0 -1 -1 0 0 -4 -3 1 5 -1 4 0 0 0 4 -1 -1 0 -3 2 1 1 -2 -2]
 [0 2 0 -1 0 0 -1 0 -2 0 -1 2 0 0 0 0 0 0 -1 -1 -1 -1 -1 2]
 [0 2 0 -1 0 1 1 0 -4 0 -3 2 0 0 -2 0 0 0 1 -1 -1 -1 1 2]
 [0 1 0 0 0 0 -1 0 1 0 1 0 0 0 1 0 0 0 -1 0 0 0 -1 0]
 [0 -2 0 1 0 1 1 0 2 0 1 -2 0 0 0 0 0 0 1 1 1 1 0 -1]]

basis_hnf =
[[1 0 0 0 0 0 0 0 -7 2 -5 2 1 -1 -3 1 0 1 2 -3 -1 -3 0 3]
 [0 1 0 0 0 0 0 0 0 0 0 0 0 0 0 0 0 0 0 0 0 0 0 0]
 [0 0 1 0 0 0 0 -1 -2 1 -1 0 0 0 -1 1 1 0 0 -2 -1 -1 0 1]
 [0 0 0 1 0 0 0 0 3 0 2 -2 0 0 1 0 0 0 0 1 1 1 0 -2]
 [0 0 0 0 0 1 0 0 0 0 0 0 0 0 0 0 0 0 0 0 0 0 0 0]
 [0 0 0 0 0 0 1 0 -1 0 -1 0 0 0 -1 0 0 0 1 0 0 0 0 1]
 [0 0 0 0 0 0 0 0 0 0 0 0 0 0 0 0 0 0 0 0 0 0 1 -1]]
