1 0 1
-1.9204215445317832 1 -1.9714173023802475
0.033035949460210615 0.17294211435408474 0.026987689362163426
-0.0067496343566204901 -0.030155794370079647 -0.19789813007201107
0.10275140444639663 0.30723242212256158 0.08708385605260624
0.097000952271431615 0.30919939813758485 0.08123312307225701
-0.13817893928259525 -0.19438423745532624 -0.11803226044079466
0.096133563382617082 0.3095004350358691 0.080350330819692492
-0.66077964754047469 0.095688354009037829 -0.66565934753313771
0.033035951091764847 0.17294211795364992 0.02698769082998442
-0.0067496333543380473 -0.030155793299500914 -0.19789812978813973
0.1041159004299434 0.31145242080322333 0.088233150319044384
0.097084950040138826 0.30946768592950064 0.081303437325626129
-0.13817893884074769 -0.19438423647388034 -0.11803226004351614
0.096031658307900544 0.30917333424263727 0.080265108966539503
0.033035948729304251 0.17294211274209603 0.026987688704505058
-0.0067496348057140172 -0.03015579484949691 -0.19789813019943969
0.10214626984557623 0.3053609125894749 0.086574160358952115
0.096963354913793542 0.30907931264000327 0.081201650449321469
-0.13817893948198071 -0.1943842378966037 -0.11803226062025278
0.096179239658177471 0.30964704936081305 0.080388529279353763
0.200415927195399 0.12740176022876271 -0.17208028765398573
-0.033036189723056657 -0.17294264343078364 -0.02698790550866665
-0.0330397159635605 -0.17295040983973203 -0.026991077802663944
-0.090039420752279692 -0.015308117353814621 -0.077995929150961277
-0.033032861790487505 -0.172935313812066 -0.026984911625072331
0.0067494865864681361 0.030155637260404454 0.19789808830853664
0.0067473176905157757 0.030153331042863409 0.19789747547032285
-0.067509630494622275 0.16898245468287318 0.29051858855461432
0.0067515335352556598 0.030157813816714122 0.19789866669673481
0.11019384134861029 0.35133653820979222 0.092276862176530722
-0.13817887421251837 -0.19438409420344754 -0.11803220190063556
0.08221763470978008 0.26483158983146876 0.068712639607424214
-0.13817791941732743 -0.19438199129799863 -0.11803134294336909
-0.0097811318476123503 -0.030553907998396843 -0.0082230218238016472
0.1381797753334926 0.19438607887450743 0.11803301256989041
