0.0013155115635797594 -0.0045004798513797644 -0.0051862947160633416 0.015502763088884028 0.012253067269663461 -0.012340468321047566 -0.0097204777013519053
0.0021202625371146313 -0.0053436606931486158 -0.0092116454236244108 0.01670603130886375 0.018752654462612574 -0.010024182478149029 -0.010323085594459642
0.0059493942262870362 -0.098952887078669532 0.52135555421698787 -1.3185187757533878 1.7696539197487773 -1.2096468052566236 0.32969046353994269
2.8184984633543428e-05 -6.6396817377006173e-05 -2.4590978391969553e-05 0.00013815632987008997 -4.0286207535335156e-05 -7.1764712453518544e-05 3.6862204343646408e-05
1.6158292233160959e-05 -2.8359269908457066e-05 -2.9252302398516394e-05 5.853526211696547e-05 8.491974869481963e-06 -3.0017193056398586e-05 4.8036801906967513e-06
4.3741907089717494e-09 -2.5895173053590292e-08 3.4547746149971026e-08 4.2883414291816635e-08 -4.1852559295342547e-08 -3.0919093280784355e-08 -4.4398749670747691e-09
-4.257726453468693e-09 2.8098618255062435e-08 5.2921668991512405e-09 -1.1011125014559475e-07 3.6665934752588692e-08 8.3584351055970222e-08 -1.7173410803925537e-08
-4.2703197038152993e-08 4.7120444884515833e-08 8.5939777065557887e-08 -1.0277334332176036e-07 -3.2332628766390265e-08 5.6776359887327228e-08 -1.6212812156129858e-08
3.7602965575296229e-09 -2.345607863322996e-09 -3.2971858375530072e-08 2.6226072799562239e-08 1.2575067842579557e-07 -5.3464406804537568e-08 -1.1564460334137494e-07
1.1361112560957793e-05 -5.4251823508576218e-05 1.86398477203825e-05 0.00019356060163847768 -0.00016720516151871276 -0.00020020818283257157 0.00013795894049548532
