rootmask = 4
rows = 0,1
h = 0
u = 23568
v = 68588
raw_det = 948
raw_index = 1
determinant = 948
root_reps_orthogonal = 1
norm4_reps_orthogonal = 1311

gram =
[[14 5 3 4 -4 2 -1]
 [5 8 1 1 -1 3 -1]
 [3 1 4 1 -1 1 0]
 [4 1 1 4 -1 1 0]
 [-4 -1 -1 -1 2 0 1]
 [2 3 1 1 0 2 0]
 [-1 -1 0 0 1 0 4]]

basis_coords =
[[-1 -1 2 -1 -1 -2 0 -1 -1 0 0 0 1 1 0 0 0 0 0 1 -1 0 0 -2]
 [1 0 2 1 1 1 -1 -2 0 -1 2 1 0 0 0 -2 -1 0 1 2 0 0 -2 -3]
 [0 -1 0 0 1 0 0 1 -1 1 0 -2 0 0 -1 1 1 0 -1 -1 0 1 1 -1]
 [-1 0 1 -1 0 0 0 -1 -1 0 0 0 0 1 0 0 0 0 -1 0 0 0 0 -1]
 [0 0 0 0 0 1 0 0 0 0 0 0 0 0 0 0 0 0 0 0 0 0 0 0]
 [0 0 1 0 1 1 -1 -1 0 0 1 0 0 0 0 -1 0 0 0 1 0 0 -1 -2]
 [0 0 -1 0 0 -1 1 0 0 0 0 -1 0 1 -1 1 0 0 0 0 0 0 0 0]]

basis_hnf =
[[1 0 0 1 0 0 0 2 -1 0 -1 1 -1 -2 1 0 0 0 -1 -3 1 1 2 3]
 [0 1 0 0 0 0 0 2 -2 0 -2 2 -2 -2 2 0 0 0 -3 -5 2 1 3 5]
 [0 0 1 0 0 0 0 1 -2 0 -1 1 -1 -1 1 0 0 0 -2 -3 1 1 2 2]
 [0 0 0 0 1 0 0 3 -3 1 -2 0 -2 -2 1 1 1 0 -4 -6 2 2 4 4]
 [0 0 0 0 0 1 0 0 0 0 0 0 0 0 0 0 0 0 0 0 0 0 0 0]
 [0 0 0 0 0 0 1 1 -2 0 -1 0 -1 0 0 1 0 0 -2 -3 1 1 2 2]
 [0 0 0 0 0 0 0 4 -3 1 -3 1 -2 -3 2 1 1 0 -4 -7 2 2 5 6]]
