rootmask = 33554432
rows = 0,1
h = 1
u = 118
v = 34587
raw_det = 948
raw_index = 1
determinant = 948
root_reps_orthogonal = 1
norm4_reps_orthogonal = 1311

gram =
[[38 -6 2 -1 -2 3 -4]
 [-6 6 3 1 1 0 1]
 [2 3 8 -2 -2 -1 0]
 [-1 1 -2 12 2 6 -7]
 [-2 1 -2 2 2 0 -1]
 [3 0 -1 6 0 6 -3]
 [-4 1 0 -7 -1 -3 6]]

basis_coords =
[[1 4 -2 -1 3 -3 -5 0 -4 1 -3 5 -1 -1 2 -1 -2 1 -1 -2 0 -1 2 -2]
 [0 -1 0 0 0 0 0 0 1 0 1 -1 0 0 1 -1 0 0 0 0 1 1 -1 1]
 [0 -3 0 1 0 -3 -2 0 6 0 5 -3 0 0 4 -1 0 0 -2 1 2 2 -2 -2]
 [0 2 0 -1 0 0 -1 0 -2 0 -1 2 0 0 0 0 0 0 -1 -1 -1 -1 -1 2]
 [0 2 0 -1 0 1 1 0 -4 0 -3 2 0 0 -2 0 0 0 1 -1 -1 -1 1 2]
 [0 1 0 0 0 0 -1 0 1 0 1 0 0 0 1 0 0 0 -1 0 0 0 -1 0]
 [0 -2 0 1 0 1 1 0 2 0 1 -2 0 0 0 0 0 0 1 1 1 1 0 -1]]

basis_hnf =
[[1 0 -2 0 3 0 0 0 0 1 0 -3 -1 -1 4 -7 -2 1 4 -1 7 6 0 3]
 [0 1 0 0 0 0 0 0 0 0 0 0 0 0 0 0 0 0 0 0 0 0 0 0]
 [0 0 0 1 0 0 0 0 0 0 -1 1 0 0 -2 3 0 0 0 1 -2 -2 0 -2]
 [0 0 0 0 0 1 0 0 0 0 0 0 0 0 0 0 0 0 0 0 0 0 0 0]
 [0 0 0 0 0 0 1 0 0 0 0 -1 0 0 0 -1 0 0 1 0 1 1 0 1]
 [0 0 0 0 0 0 0 0 1 0 1 -1 0 0 1 -1 0 0 0 0 1 1 0 0]
 [0 0 0 0 0 0 0 0 0 0 0 0 0 0 0 0 0 0 0 0 0 0 1 -1]]
