rootmask = 4096
rows = 0,2
h = 1
u = 26265
v = 42978
raw_det = 948
raw_index = 1
determinant = 948
root_reps_orthogonal = 1
norm4_reps_orthogonal = 1311

gram =
[[34 -4 6 -1 0 2 -4]
 [-4 2 -2 -1 1 -1 2]
 [6 -2 10 -2 -2 -1 -1]
 [-1 -1 -2 12 2 6 -7]
 [0 1 -2 2 2 0 -1]
 [2 -1 -1 6 0 6 -3]
 [-4 2 -1 -7 -1 -3 6]]

basis_coords =
[[1 7 -1 -2 2 -2 -2 0 -9 1 -6 6 1 -1 -2 0 -1 1 0 -4 -2 -3 4 0]
 [0 0 0 0 0 1 1 0 -1 0 -1 0 0 0 -1 0 0 0 1 0 0 0 0 1]
 [0 -2 -1 0 0 -3 -2 0 5 -1 4 -1 0 0 4 -1 -1 0 -2 1 2 2 -1 -2]
 [0 2 0 -1 0 0 -1 0 -2 0 -1 2 0 0 0 0 0 0 -1 -1 -1 -1 -1 2]
 [0 2 0 -1 0 1 1 0 -4 0 -3 2 0 0 -2 0 0 0 1 -1 -1 -1 1 2]
 [0 1 0 0 0 0 -1 0 1 0 1 0 0 0 1 0 0 0 -1 0 0 0 -1 0]
 [0 -2 0 1 0 1 1 0 2 0 1 -2 0 0 0 0 0 0 1 1 1 1 0 -1]]

basis_hnf =
[[1 0 0 0 2 0 0 0 -8 2 -6 3 1 -1 -4 1 0 1 2 -3 -2 -3 0 3]
 [0 1 0 0 0 0 0 0 0 0 0 0 0 0 0 0 0 0 0 0 0 0 0 0]
 [0 0 1 0 0 0 0 0 -3 1 -2 1 0 0 -2 1 1 0 0 -1 -2 -2 0 1]
 [0 0 0 1 0 0 0 0 3 0 2 -2 0 0 1 0 0 0 0 1 1 1 0 -2]
 [0 0 0 0 0 1 0 0 0 0 0 0 0 0 0 0 0 0 0 0 0 0 0 0]
 [0 0 0 0 0 0 1 0 -1 0 -1 0 0 0 -1 0 0 0 1 0 0 0 0 1]
 [0 0 0 0 0 0 0 0 0 0 0 0 0 0 0 0 0 0 0 0 0 0 1 -1]]
