rootmask = 1048576
rows = 0,2
h = 2
u = 31962
v = 26125
raw_det = 948
raw_index = 1
determinant = 948
root_reps_orthogonal = 1
norm4_reps_orthogonal = 1311

gram =
[[30 -3 -2 -2 -1 2 -2]
 [-3 2 1 -1 1 -1 2]
 [-2 1 8 -3 -1 -2 2]
 [-2 -1 -3 12 2 6 -7]
 [-1 1 -1 2 2 0 -1]
 [2 -1 -2 6 0 6 -3]
 [-2 2 2 -7 -1 -3 6]]

basis_coords =
[[1 6 -2 -1 3 -3 -2 1 -5 0 -4 4 1 0 -1 0 -1 1 -1 -3 -1 -2 2 -1]
 [0 0 0 0 0 1 1 0 -1 0 -1 0 0 0 -1 0 0 0 1 0 0 0 0 1]
 [0 -4 0 1 0 -1 -1 -1 4 1 4 -3 0 -1 3 0 0 0 0 1 2 2 -2 -1]
 [0 2 0 -1 0 0 -1 0 -2 0 -1 2 0 0 0 0 0 0 -1 -1 -1 -1 -1 2]
 [0 2 0 -1 0 1 1 0 -4 0 -3 2 0 0 -2 0 0 0 1 -1 -1 -1 1 2]
 [0 1 0 0 0 0 -1 0 1 0 1 0 0 0 1 0 0 0 -1 0 0 0 -1 0]
 [0 -2 0 1 0 1 1 0 2 0 1 -2 0 0 0 0 0 0 1 1 1 1 0 -1]]

basis_hnf =
[[1 0 -2 0 3 0 0 0 -4 1 -3 1 1 -1 -1 0 -1 1 2 -2 1 0 0 1]
 [0 1 0 0 0 0 0 0 0 0 0 0 0 0 0 0 0 0 0 0 0 0 0 0]
 [0 0 0 1 0 0 0 0 3 0 2 -2 0 0 1 0 0 0 0 1 1 1 0 -2]
 [0 0 0 0 0 1 0 0 0 0 0 0 0 0 0 0 0 0 0 0 0 0 0 0]
 [0 0 0 0 0 0 1 0 -1 0 -1 0 0 0 -1 0 0 0 1 0 0 0 0 1]
 [0 0 0 0 0 0 0 1 0 -1 -1 1 0 1 -1 0 0 0 -1 0 -1 -1 0 0]
 [0 0 0 0 0 0 0 0 0 0 0 0 0 0 0 0 0 0 0 0 0 0 1 -1]]
