rootmask = 18014398509481984
rows = 0,1
h = 2
u = 49
v = 61
raw_det = 3792
raw_index = 2
determinant = 948
root_reps_orthogonal = 1
norm4_reps_orthogonal = 1311

gram =
[[54 -9 1 7 3 -2 -7]
 [-9 16 -4 -8 -3 4 2]
 [1 -4 2 0 0 -2 0]
 [7 -8 0 10 3 2 -5]
 [3 -3 0 3 2 0 -1]
 [-2 4 -2 2 0 6 -3]
 [-7 2 0 -5 -1 -3 6]]

basis_coords =
[[3 13 2 -5 1 -4 -3 2 -17 1 -14 11 1 0 -7 -2 -1 1 -2 -7 -8 -6 7 3]
 [0 -4 0 2 -1 0 -1 0 8 0 6 -5 0 1 4 0 0 0 -2 2 2 2 -2 -3]
 [0 0 0 0 0 -1 0 0 0 0 0 0 0 0 0 0 0 0 0 0 0 0 0 0]
 [0 4 0 -2 1 1 0 0 -7 0 -5 5 0 -1 -3 0 0 0 1 -2 -2 -2 1 3]
 [0 2 0 -1 0 1 1 0 -4 0 -3 2 0 0 -2 0 0 0 1 -1 -1 -1 1 2]
 [0 1 0 0 0 0 1 0 0 0 1 -1 1 1 -1 1 2 0 -1 -1 -1 -1 -1 0]
 [0 -2 0 1 0 1 1 0 2 0 1 -2 0 0 0 0 0 0 1 1 1 1 0 -1]]

basis_hnf =
[[3 0 2 0 0 0 0 2 -7 1 -12 3 -2 -2 -4 -5 -7 1 6 1 0 2 0 9]
 [0 1 0 0 0 0 0 0 1 0 2 -1 1 1 0 1 2 0 -2 -1 -1 -1 0 -2]
 [0 0 0 1 0 0 0 0 5 0 6 -4 2 2 1 2 4 0 -4 -1 -1 -1 0 -6]
 [0 0 0 0 1 0 0 0 -1 0 -1 1 0 -1 -1 0 0 0 1 0 0 0 0 0]
 [0 0 0 0 0 1 0 0 0 0 0 0 0 0 0 0 0 0 0 0 0 0 0 0]
 [0 0 0 0 0 0 1 0 -1 0 -1 0 0 0 -1 0 0 0 1 0 0 0 0 1]
 [0 0 0 0 0 0 0 0 0 0 0 0 0 0 0 0 0 0 0 0 0 0 1 -1]]
