46.3601302162979 9.47226108874585 3.99314515265741 16.9653561169753 12.2070881036494 7.09088059098979 10.7902664184561 8.65234203021170 6.43212055634761 -9.90067091093202 -4.72498112489949 -3.23799078428137 19.4346272731055 -8.72586185736574 -0.195612000167021 -18.1690835309492 6.85799971821863 8.44788347573370 0.522711271120492 8.93681353831032 -15.6460770099016 -3.44262753143295 9.82102420881855 -4.41031773254796 9.75753248275430 -14.9880948944866 1.51143534158998 -1.47794974881749 3.75355403270554
9.47226108874585 46.6560892840208 -1.41046244150908 6.15839132671246 -8.44441741929606 -13.3841543329843 1.86662476752780 5.57392555415902 5.60220266056390 2.66823707087064 5.40662360705470 2.91100096021480 12.4520362907966 3.88843951272294 -2.01331845311401 10.7205165375616 -15.0510813113140 -5.79402555061711 5.90475600536006 3.66251672551905 -17.1118911571343 6.04474556083671 -3.56768190556183 0.627764134481062 9.35511178498020 0.779311231077621 -0.238529587035881 -2.64328568220435 -2.89805968011579
3.99314515265741 -1.41046244150908 47.0573809521025 15.7500157099040 7.89065536954105 3.00237833624326 -1.44979256569934 -5.91256153321849 12.2812186726365 13.1157466317079 3.25869249760238 4.01804030093754 5.39151807180851 8.64841786366764 -5.82945105239544 7.91090796190561 -1.74304290245244 -2.10697375225942 16.4461202377212 1.87687872154213 10.5244146639764 1.44266739094565 6.14765929716042 0.0675407290585639 -5.22715712226357 -2.73039761466084 -3.21113095469351 -15.8619797200321 -5.24234945134243
16.9653561169753 6.15839132671246 15.7500157099040 47.3237110532007 17.6105027888559 -6.85605985091579 2.74985995580989 4.78348763976112 4.47447043566482 -8.18623779093037 15.3006618253019 7.11002189962910 0.578386401913669 -1.58537793217571 -0.103096796700356 -1.44265734784123 9.00759162269879 6.59662795691046 5.83068013605793 12.3857667501690 -14.1751744658065 -2.73625797253361 9.12207059928858 10.7855386803257 4.26845807854358 -5.23973766521151 -7.75382989033543 -20.4753058738392 -5.79368306354135
12.2070881036494 -8.44441741929606 7.89065536954105 17.6105027888559 47.3494023176261 3.60544451560969 13.2722018702376 -11.2035608752334 7.91187216488762 -7.19489394182758 10.5062687273315 10.1068404783772 -7.39660527008010 -12.1953063610628 2.47015736021020 -18.4420501678922 16.1240429870951 15.2015865956961 14.8707604741521 6.68083211862733 -11.9753387741781 6.84862426448327 4.47560403859322 -2.78921905760564 6.40126057008508 -14.4705386441997 -9.19022991838077 -8.80752749132335 4.44534034665031
7.09088059098979 -13.3841543329843 3.00237833624326 -6.85605985091579 3.60544451560969 47.3748034948301 11.6314575350781 1.65685619883527 19.1137637622846 2.77336265806709 -12.5444772479773 -14.8906568400341 0.274292989009304 -7.01304249192254 0.0276453287245957 -5.06490791307780 -3.88217552290197 11.7325311259146 -5.60564405969152 1.88616283588367 19.7009052169121 10.9352320985432 -2.99097734317555 -17.4517099002820 2.91476548912463 -20.3371196510896 19.4850490105825 7.33031997826992 -2.82541468154757
10.7902664184561 1.86662476752780 -1.44979256569934 2.74985995580989 13.2722018702376 11.6314575350781 47.3803600292681 10.7848468945733 6.71259378449211 -3.12764843243887 -14.4948125428009 8.25208505341583 2.26707743855483 -15.7309092682290 -15.0526140838523 -21.3056836497844 10.1719466405519 6.77942044182010 1.86466127416495 8.50123259120279 -3.98671949133978 14.8221866942934 6.61307529303312 -7.48222372659407 7.86435991259805 -3.74929450150632 -4.02484532477327 -6.60741478719683 12.4364460022586
8.65234203021170 5.57392555415902 -5.91256153321849 4.78348763976112 -11.2035608752334 1.65685619883527 10.7848468945733 47.4059033599975 8.34453638836726 6.84303263817573 -6.23230191890430 -6.48730792266863 8.84376855097220 -1.04642567090613 -12.2907773401973 -2.46025945650050 0.204270039644666 -13.6961030472807 -14.4139422217908 0.911211358785291 -4.97320750853616 7.37817856876327 13.2204369666834 -0.432201818075608 5.29280497259546 -3.83661135007406 6.25572141618905 9.99293130246981 7.30058892132422
6.43212055634761 5.60220266056390 12.2812186726365 4.47447043566482 7.91187216488762 19.1137637622846 6.71259378449211 8.34453638836726 48.1035216789085 13.5799949014851 2.62974098903934 0.710543187295912 -3.12022376405433 -1.73685593757173 -0.687843087554587 16.2377970588274 6.57732097758065 4.44667262419500 -7.83418177555414 11.1634617199205 4.04568526450527 22.0137721383736 6.71750546031985 -0.675467030708798 4.22207917716010 6.19411219151142 14.9540189312100 0.657091098074133 10.7781290417693
-9.90067091093202 2.66823707087064 13.1157466317079 -8.18623779093037 -7.19489394182758 2.77336265806709 -3.12764843243887 6.84303263817573 13.5799949014851 48.1985477741391 2.48563925592400 10.6928155009907 -10.3824705705532 8.96082845826894 -0.273135184055061 20.3284923593882 -13.9251263991149 -0.530432664979145 -4.10006489427231 7.56489407661764 12.3272755389709 -0.753318164731141 -1.42440804671656 -18.4850679560840 2.14303819572884 4.58351745066414 12.5305566109760 4.10481063253538 11.7122146901432
-4.72498112489949 5.40662360705470 3.25869249760238 15.3006618253019 10.5062687273315 -12.5444772479773 -14.4948125428009 -6.23230191890430 2.62974098903934 2.48563925592400 48.5320235654295 3.97565175436686 -10.5002889158671 2.91446115912933 20.2968211990352 14.9160004163565 -7.54600125814763 16.5064280000764 6.77293973524462 12.0784667443183 8.14675783437841 9.99533697572751 1.38829652111598 -0.379507635562518 1.22131043962180 4.57738582009883 3.92223242117612 3.50528336108681 19.1294702877913
-3.23799078428137 2.91100096021480 4.01804030093754 7.11002189962910 10.1068404783772 -14.8906568400341 8.25208505341583 -6.48730792266863 0.710543187295912 10.6928155009907 3.97565175436686 48.6147478771663 -11.6877545140898 -1.05796329609014 11.4359841810210 16.1057416557990 -1.68230191681401 -7.24033509556859 5.60418166381130 20.4072367359016 -2.76408746141595 -0.295803118036957 22.0893981661110 1.30375525485205 -1.29702302560683 2.18193403344101 -0.310540533927494 -11.1512253780314 8.08930726980955
19.4346272731055 12.4520362907966 5.39151807180851 0.578386401913669 -7.39660527008010 0.274292989009304 2.26707743855483 8.84376855097220 -3.12022376405433 -10.3824705705532 -10.5002889158671 -11.6877545140898 48.6894880580918 -9.73583064791943 -12.8743359987074 -6.16244573884377 -5.18687390277864 -8.25975038330083 2.52363795921859 -13.3559140422917 -8.52016555626505 -2.61592542724560 7.74960944442267 5.84353004930394 -1.58380439635393 -11.5240284054730 3.30717706744864 2.50208027710021 -7.26674980928739
-8.72586185736574 3.88843951272294 8.64841786366764 -1.58537793217571 -12.1953063610628 -7.01304249192254 -15.7309092682290 -1.04642567090613 -1.73685593757173 8.96082845826894 2.91446115912933 -1.05796329609014 -9.73583064791943 48.7448122365217 -0.0918585813887880 13.7740618592291 -1.66537654692738 -5.35791290086198 -6.33014037839997 4.96983441175383 -8.18258802562097 -7.11758624140516 -5.51167424397071 -13.3211920707461 -11.7807895999065 15.3585356271484 16.6679354932886 -3.68494308849834 5.05513944658248
-0.195612000167021 -2.01331845311401 -5.82945105239544 -0.103096796700356 2.47015736021020 0.0276453287245957 -15.0526140838523 -12.2907773401973 -0.687843087554587 -0.273135184055061 20.2968211990352 11.4359841810210 -12.8743359987074 -0.0918585813887880 48.8575338429490 9.89119604001175 -3.33536472783175 9.87550757855248 1.44647053612239 10.3250199005981 5.77392910710453 9.82305854430014 -1.29797662151641 -9.78121463942481 1.67595624026188 0.701481444147966 6.54890888564676 1.77796947761511 2.31514015021525
-18.1690835309492 10.7205165375616 7.91090796190561 -1.44265734784123 -18.4420501678922 -5.06490791307780 -21.3056836497844 -2.46025945650050 16.2377970588274 20.3284923593882 14.9160004163565 16.1057416557990 -6.16244573884377 13.7740618592291 9.89119604001175 48.9693753737525 -13.5953802014240 -6.50973381687310 -4.55147792028962 16.6845219460475 12.1746247277477 5.14024270065439 10.6441792734743 3.82806877278858 -17.4764438292868 10.9843382318259 16.7493957406058 5.93603989405996 7.55725047008944
6.85799971821863 -15.0510813113140 -1.74304290245244 9.00759162269879 16.1240429870951 -3.88217552290197 10.1719466405519 0.204270039644666 6.57732097758065 -13.9251263991149 -7.54600125814763 -1.68230191681401 -5.18687390277864 -1.66537654692738 -3.33536472783175 -13.5953802014240 49.0053772013088 5.69957258436051 -12.9362305040204 13.8308893688247 -14.1018515845882 11.4706850424918 1.06060361409567 3.05591568062049 -11.2100168792949 9.66608490441048 -21.7648586975953 -0.124084982582819 3.91452046124394
8.44788347573370 -5.79402555061711 -2.10697375225942 6.59662795691046 15.2015865956961 11.7325311259146 6.77942044182010 -13.6961030472807 4.44667262419500 -0.530432664979145 16.5064280000764 -7.24033509556859 -8.25975038330083 -5.35791290086198 9.87550757855248 -6.50973381687310 5.69957258436051 49.1372274300766 0.924454116650132 6.15586159994773 16.8752598794664 11.1280306236454 -15.1300416902828 -20.9107398055344 9.29150328393710 -6.96997015605174 -6.49744424658331 1.91591308956114 14.0221390730378
0.522711271120492 5.90475600536006 16.4461202377212 5.83068013605793 14.8707604741521 -5.60564405969152 1.86466127416495 -14.4139422217908 -7.83418177555414 -4.10006489427231 6.77293973524462 5.60418166381130 2.52363795921859 -6.33014037839997 1.44647053612239 -4.55147792028962 -12.9362305040204 0.924454116650132 49.2399593104690 -2.56022672703457 6.03730378619349 -7.14122740231880 -2.86268799536167 5.09223950400161 -4.87295664359760 -11.6238563781293 -9.66535682103567 -11.2711928788614 -6.98247405157147
8.93681353831032 3.66251672551905 1.87687872154213 12.3857667501690 6.68083211862733 1.88616283588367 8.50123259120279 0.911211358785291 11.1634617199205 7.56489407661764 12.0784667443183 20.4072367359016 -13.3559140422917 4.96983441175383 10.3250199005981 16.6845219460475 13.8308893688247 6.15586159994773 -2.56022672703457 49.4325742755537 1.35950030301005 17.1563517009894 7.72075700154837 -12.5507991177376 -14.8113650024348 1.74894975513448 10.3213916301649 1.20961424117356 18.8917399547059
-15.6460770099016 -17.1118911571343 10.5244146639764 -14.1751744658065 -11.9753387741781 19.7009052169121 -3.98671949133978 -4.97320750853616 4.04568526450527 12.3272755389709 8.14675783437841 -2.76408746141595 -8.52016555626505 -8.18258802562097 5.77392910710453 12.1746247277477 -14.1018515845882 16.8752598794664 6.03730378619349 1.35950030301005 49.5474583899130 8.38828090661980 -5.36251232080969 -9.62186045311856 2.46131041749044 -5.96693069390746 3.29299949225302 9.67631455426227 4.60928728620495
-3.44262753143295 6.04474556083671 1.44266739094565 -2.73625797253361 6.84862426448327 10.9352320985432 14.8221866942934 7.37817856876327 22.0137721383736 -0.753318164731141 9.99533697572751 -0.295803118036957 -2.61592542724560 -7.11758624140516 9.82305854430014 5.14024270065439 11.4706850424918 11.1280306236454 -7.14122740231880 17.1563517009894 8.38828090661980 49.5600641992144 0.641178093941321 -5.55293691565006 2.88202237807237 6.55446690429403 0.758275125240189 7.05520893251878 9.99927676950962
9.82102420881855 -3.56768190556183 6.14765929716042 9.12207059928858 4.47560403859322 -2.99097734317555 6.61307529303312 13.2204369666834 6.71750546031985 -1.42440804671656 1.38829652111598 22.0893981661110 7.74960944442267 -5.51167424397071 -1.29797662151641 10.6441792734743 1.06060361409567 -15.1300416902828 -2.86268799536167 7.72075700154837 -5.36251232080969 0.641178093941321 49.5728427099315 4.24968523181392 -1.09341223018006 -4.97863701901965 4.07511947760054 7.99862546234203 14.4631951511377
-4.41031773254796 0.627764134481062 0.0675407290585639 10.7855386803257 -2.78921905760564 -17.4517099002820 -7.48222372659407 -0.432201818075608 -0.675467030708798 -18.4850679560840 -0.379507635562518 1.30375525485205 5.84353004930394 -13.3211920707461 -9.78121463942481 3.82806877278858 3.05591568062049 -20.9107398055344 5.09223950400161 -12.5507991177376 -9.62186045311856 -5.55293691565006 4.24968523181392 49.7277995759057 -1.97779508322811 12.3766857775035 -12.8632848129702 -8.07672153646337 -13.4704552982369
9.75753248275430 9.35511178498020 -5.22715712226357 4.26845807854358 6.40126057008508 2.91476548912463 7.86435991259805 5.29280497259546 4.22207917716010 2.14303819572884 1.22131043962180 -1.29702302560683 -1.58380439635393 -11.7807895999065 1.67595624026188 -17.4764438292868 -11.2100168792949 9.29150328393710 -4.87295664359760 -14.8113650024348 2.46131041749044 2.88202237807237 -1.09341223018006 -1.97779508322811 49.8207711853405 -13.0274950136294 -6.90768024001565 -7.47089458248528 -6.59347259254624
-14.9880948944866 0.779311231077621 -2.73039761466084 -5.23973766521151 -14.4705386441997 -20.3371196510896 -3.74929450150632 -3.83661135007406 6.19411219151142 4.58351745066414 4.57738582009883 2.18193403344101 -11.5240284054730 15.3585356271484 0.701481444147966 10.9843382318259 9.66608490441048 -6.96997015605174 -11.6238563781293 1.74894975513448 -5.96693069390746 6.55446690429403 -4.97863701901965 12.3766857775035 -13.0274950136294 49.8279671196043 5.71085840724122 1.28663837522429 8.69581376725524
1.51143534158998 -0.238529587035881 -3.21113095469351 -7.75382989033543 -9.19022991838077 19.4850490105825 -4.02484532477327 6.25572141618905 14.9540189312100 12.5305566109760 3.92223242117612 -0.310540533927494 3.30717706744864 16.6679354932886 6.54890888564676 16.7493957406058 -21.7648586975953 -6.49744424658331 -9.66535682103567 10.3213916301649 3.29299949225302 0.758275125240189 4.07511947760054 -12.8632848129702 -6.90768024001565 5.71085840724122 49.8780065989798 8.75879321727582 8.96989751614407
-1.47794974881749 -2.64328568220435 -15.8619797200321 -20.4753058738392 -8.80752749132335 7.33031997826992 -6.60741478719683 9.99293130246981 0.657091098074133 4.10481063253538 3.50528336108681 -11.1512253780314 2.50208027710021 -3.68494308849834 1.77796947761511 5.93603989405996 -0.124084982582819 1.91591308956114 -11.2711928788614 1.20961424117356 9.67631455426227 7.05520893251878 7.99862546234203 -8.07672153646337 -7.47089458248528 1.28663837522429 8.75879321727582 49.9133401896397 18.8807049118548
3.75355403270554 -2.89805968011579 -5.24234945134243 -5.79368306354135 4.44534034665031 -2.82541468154757 12.4364460022586 7.30058892132422 10.7781290417693 11.7122146901432 19.1294702877913 8.08930726980955 -7.26674980928739 5.05513944658248 2.31514015021525 7.55725047008944 3.91452046124394 14.0221390730378 -6.98247405157147 18.8917399547059 4.60928728620495 9.99927676950962 14.4631951511377 -13.4704552982369 -6.59347259254624 8.69581376725524 8.96989751614407 18.8807049118548 49.9444345077199
