-1 0 1
4.0208686966424603 1 -3.0210057141631217
-0.094063881538871838 -0.21790360042334303 -0.12378829154575866
-0.094111314189861545 -0.21793906041699029 -0.12379395012945926
-0.094095525527006396 -0.2178420687534898 -0.123815924968951
-0.094080805691317757 -0.21787002616372939 -0.12378803976937515
-0.094070127724225835 -0.21789145272714802 -0.12379373864720189
-0.044756303795088333 -0.1062072029724406 -0.11422537828052307
0.80259097367104615 0.047475416052175937 -0.75512277501480829
-0.094069195408757494 -0.21792020627458311 -0.1238008326540652
-0.094118290277577371 -0.21795533554283619 -0.12380589788844441
-0.094107414085265767 -0.21786269236706207 -0.12382237832155267
-0.094087782629693334 -0.21788630477064433 -0.12379998754745618
-0.094076737665520938 -0.21790885076540842 -0.12380507956149613
-0.044765758954263726 -0.10622908782175565 -0.11423780628513493
-0.094062303715964177 -0.21789879649111349 -0.12378473254451532
-0.094109370522663605 -0.2179345259093938 -0.12379062124525678
-0.094092500346570851 -0.21783715678737509 -0.1238147272472111
-0.094078861766043076 -0.21786549071377878 -0.12378471091487581
-0.094068264569580756 -0.21788662748518264 -0.12379064516150813
-0.044753669368239546 -0.10620110538651645 -0.11422191560204642
-0.094160870790167259 -0.21790903807047096 -0.12380881893300719
0.046468144784150733 0.14617266583451999 0.099622301173856898
-0.094161149939815808 -0.21781673529833931 -0.12368820650447468
-0.14750358680202344 -0.14606914407510244 0.0013923734429763734
-0.044811266501892634 -0.10621812597130015 -0.11418136924603584
0.094148819304292919 0.21796430125464894 0.12374549274723301
0.14917866118965636 0.14962946865995722 0.00044559320720579841
0.094192590830156145 0.2178883630359672 0.12369579983139835
-0.044660871855637808 -0.10599105101213947 -0.11410466074944516
-0.094107890700708616 -0.21791443311730027 -0.12375196893006531
-0.080998264918418786 -0.23554907159761249 -0.15448478039480221
-0.044811266891099925 -0.10621811157914333 -0.11418139379177249
0.094301508236633372 0.21811142090298294 0.1238020350030469
-0.044777234697359315 -0.10626038836557861 -0.11425761430022201
-0.044811239325764397 -0.10621817030995294 -0.1141814052617891
