rootmask = 16
rows = 0,6
h = 0
u = 2335
v = 89649
raw_det = 948
raw_index = 1
determinant = 948
root_reps_orthogonal = 1
norm4_reps_orthogonal = 1311

gram =
[[10 -2 1 -2 -2 -1 1]
 [-2 8 0 -2 -1 3 -1]
 [1 0 4 0 -1 0 0]
 [-2 -2 0 4 0 0 0]
 [-2 -1 -1 0 2 0 1]
 [-1 3 0 0 0 2 0]
 [1 -1 0 0 1 0 4]]

basis_coords =
[[1 1 -1 1 -1 -2 2 0 1 -2 0 0 0 0 0 1 -1 0 2 1 -2 -1 0 1]
 [1 -1 2 0 1 1 -3 -1 0 0 1 1 0 0 0 -2 0 -1 0 1 1 0 -1 -3]
 [1 0 0 1 0 -1 0 0 0 -1 0 0 0 0 -1 0 0 0 0 0 0 0 0 0]
 [-1 1 -1 -1 1 0 1 -1 0 1 0 -1 0 0 0 0 0 1 -1 0 0 0 -1 0]
 [0 0 0 0 0 1 0 0 0 0 0 0 0 0 0 0 0 0 0 0 0 0 0 0]
 [0 0 1 0 1 1 -1 -1 0 0 1 0 0 0 0 -1 0 0 0 1 0 0 -1 -2]
 [0 0 0 1 0 1 0 1 0 0 1 -1 -1 0 0 0 0 0 0 0 1 1 0 0]]

basis_hnf =
[[1 0 0 0 0 0 0 -1 0 -1 -1 1 1 0 -1 0 0 0 0 0 -1 -1 0 0]
 [0 1 0 0 0 0 0 0 2 0 3 -1 -2 0 3 -1 -2 -1 3 3 0 0 -2 -2]
 [0 0 1 0 0 0 0 -1 0 -1 0 1 1 0 0 0 0 0 1 1 -2 -1 0 -1]
 [0 0 0 1 0 0 0 1 0 0 1 -1 -1 0 0 0 0 0 0 0 1 1 0 0]
 [0 0 0 0 1 0 0 -1 -1 0 -1 0 1 0 -2 0 1 1 -2 -1 0 0 0 0]
 [0 0 0 0 0 1 0 0 0 0 0 0 0 0 0 0 0 0 0 0 0 0 0 0]
 [0 0 0 0 0 0 1 -1 -1 -1 -2 1 2 0 -2 1 1 1 -1 -1 -2 -1 1 1]]
