-1 0 1
3.0680543979753558 1 -2.0680557843610998
0.081685432882079204 -0.22488879031600018 -0.30657409790384282
0.081685429065175605 -0.22488878508912058 -0.30657410442001309
0.081685437916280482 -0.22488880381016166 -0.30657409789339446
0.058798686557749912 -0.038133434015531563 -0.096931850272401962
0.11861001738389974 -0.15601768204199526 -0.27462757900459422
-0.035344090622717123 0.17371022730904925 0.20905483671150202
0.7560867766449193 0.050434680351122939 -0.70565218020493903
0.082236298138835567 -0.22595168597557438 -0.30818784555462925
0.082236294963547785 -0.22595168376838337 -0.30818785050104008
0.082236302470343053 -0.22595169608877927 -0.30818784727850002
0.059441350478140496 -0.039945403997947188 -0.099386466512617136
0.1190583031460072 -0.15727190684451195 -0.2763300764325663
-0.032594287998112093 0.16515781690829615 0.19775263544588959
0.081524914904073625 -0.22457907053128678 -0.30610386410955631
0.081524910855681101 -0.224579064070387 -0.30610387178238263
0.081524920191595865 -0.2245790854013453 -0.30610386281269392
0.058611279852228158 -0.037604303078412255 -0.096215317919676413
0.11847949791019191 -0.15565200962301873 -0.27413139102888534
-0.036161296774265536 0.17625660741974411 0.21241841891545088
-0.039544133263414487 0.3138644293374388 0.35340845251376973
-0.11427906271694828 0.14690604603824947 0.26118502083813172
0.055102723807415224 -0.039043362709321579 -0.094145848884092581
0.11605328695495383 -0.15664710520867439 -0.27270038831650517
-0.052918717408581874 0.16938339208144415 0.22230261592990472
-0.022049649808563693 -0.028189934842745592 -0.0061402292011208436
0.055102720204382352 -0.039043355019626143 -0.09414583964581992
0.11605328907041727 -0.15664713201154487 -0.27270032751715378
-0.052918718565854755 0.16938339590176485 0.22230261955375505
0.05510272177502664 -0.039043352153225894 -0.094145838105626475
0.11605328836998652 -0.15664712504821934 -0.27270031758540475
-0.052918717209027001 0.16938339661548132 0.22230262031238068
0.064689768873657724 0.26247818015940305 0.19778817133729343
-0.023937103844248023 -0.06710600722115638 -0.04316819472694456
-0.096129545579491563 0.088787328534246424 0.18491738122817156
