rootmask = 256
rows = 0,6
h = 1
u = 14198
v = 8552
raw_det = 948
raw_index = 1
determinant = 948
root_reps_orthogonal = 1
norm4_reps_orthogonal = 1311

gram =
[[14 1 -3 3 -2 -1 -2]
 [1 10 -1 0 0 3 -3]
 [-3 -1 4 1 -1 1 -1]
 [3 0 1 4 -1 1 -1]
 [-2 0 -1 -1 2 0 1]
 [-1 3 1 1 0 2 -1]
 [-2 -3 -1 -1 1 -1 4]]

basis_coords =
[[-1 1 3 -1 -3 0 0 0 -2 -2 0 3 -1 1 2 0 -1 -1 1 0 0 0 1 1]
 [1 -1 3 0 0 1 -2 -1 1 -1 1 3 0 0 1 -3 -1 -1 2 2 1 0 -2 -3]
 [0 -1 0 0 1 0 0 1 -1 1 0 -2 0 0 -1 1 1 0 -1 -1 0 1 1 -1]
 [-1 0 1 -1 0 0 0 -1 -1 0 0 0 0 1 0 0 0 0 -1 0 0 0 0 -1]
 [0 0 0 0 0 1 0 0 0 0 0 0 0 0 0 0 0 0 0 0 0 0 0 0]
 [0 0 1 0 1 1 -1 -1 0 0 1 0 0 0 0 -1 0 0 0 1 0 0 -1 -2]
 [1 2 -3 1 1 -1 2 -2 1 -1 0 -1 0 0 -1 1 -1 1 1 1 -2 -2 -1 1]]

basis_hnf =
[[1 0 0 0 0 0 9 5 -14 -2 -2 -11 -4 4 -6 15 2 -1 -1 -8 -7 3 12 0]
 [0 1 0 0 0 0 2 0 -3 -1 0 -2 -1 1 -1 3 0 0 0 -1 -2 0 2 0]
 [0 0 1 0 0 0 7 6 -14 -1 -1 -11 -4 3 -5 14 3 -1 -2 -8 -6 4 12 0]
 [0 0 0 1 0 0 8 10 -17 0 -1 -15 -5 2 -6 18 5 -1 -3 -11 -7 6 16 2]
 [0 0 0 0 1 0 2 1 -4 0 0 -4 -1 1 -2 4 1 0 -1 -2 -2 1 3 -1]
 [0 0 0 0 0 1 0 0 0 0 0 0 0 0 0 0 0 0 0 0 0 0 0 0]
 [0 0 0 0 0 0 10 8 -18 -1 -2 -15 -5 4 -7 19 4 -1 -3 -11 -8 5 16 1]]
