rootmask = 2
rows = 0,1
h = 1
u = 36219
v = 19427
raw_det = 948
raw_index = 1
determinant = 948
root_reps_orthogonal = 1
norm4_reps_orthogonal = 1311

gram =
[[16 1 -4 -1 -3 -1 -2]
 [1 14 3 4 -2 4 0]
 [-4 3 4 2 -1 1 0]
 [-1 4 2 4 -1 1 0]
 [-3 -2 -1 -1 2 0 1]
 [-1 4 1 1 0 2 0]
 [-2 0 0 0 1 0 4]]

basis_coords =
[[1 2 1 0 -1 -1 0 -2 1 -2 1 3 -1 0 2 -2 -2 0 2 2 0 -1 -2 1]
 [1 -1 2 -1 1 0 -3 -1 0 0 0 1 0 1 0 -2 0 -1 0 1 1 0 -1 -4]
 [0 -1 0 0 1 0 0 1 -1 1 0 -2 0 0 -1 1 1 0 -1 -1 0 1 1 -1]
 [-1 0 1 -1 0 0 -1 0 -2 0 0 -1 0 1 0 1 1 0 -1 -1 0 0 1 -1]
 [0 0 0 0 0 1 0 0 0 0 0 0 0 0 0 0 0 0 0 0 0 0 0 0]
 [0 0 1 0 1 1 -1 -1 0 0 1 0 0 0 0 -1 0 0 0 1 0 0 -1 -2]
 [0 0 -1 0 0 -1 1 0 0 0 0 -1 0 1 -1 1 0 0 0 0 0 0 0 0]]

basis_hnf =
[[1 0 0 0 0 0 1 1 -1 0 0 -1 -1 0 0 1 0 0 0 -1 0 1 1 1]
 [0 1 0 0 0 0 0 -2 1 -1 1 1 0 1 0 -1 -1 0 1 2 0 -1 -2 -1]
 [0 0 1 0 0 0 2 4 -5 1 0 -4 -2 -2 1 4 2 1 -2 -5 -1 3 5 4]
 [0 0 0 1 0 0 2 3 -2 1 0 -2 -1 -3 1 2 1 1 -1 -3 -1 2 3 4]
 [0 0 0 0 1 0 0 -1 0 0 1 -1 0 1 -1 0 0 0 0 1 0 0 -1 -2]
 [0 0 0 0 0 1 0 0 0 0 0 0 0 0 0 0 0 0 0 0 0 0 0 0]
 [0 0 0 0 0 0 3 4 -5 1 0 -5 -2 -1 0 5 2 1 -2 -5 -1 3 5 4]]
