rootmask = 1048576
rows = 0,6
h = 0
u = 9721
v = 3779
raw_det = 948
raw_index = 1
determinant = 948
root_reps_orthogonal = 1
norm4_reps_orthogonal = 1311

gram =
[[18 7 -4 3 -2 1 -1]
 [7 10 -1 0 0 3 -2]
 [-4 -1 4 1 -1 1 -1]
 [3 0 1 4 -1 1 -1]
 [-2 0 -1 -1 2 0 1]
 [1 3 1 1 0 2 -1]
 [-1 -2 -1 -1 1 -1 4]]

basis_coords =
[[-1 0 3 -1 -3 -1 -1 -2 1 -1 0 4 1 1 2 -2 -2 -1 1 2 1 -1 -1 -1]
 [1 -1 3 0 0 1 -2 -1 1 -1 1 3 0 0 1 -3 -1 -1 2 2 1 0 -2 -3]
 [0 -1 0 0 1 0 0 1 -1 1 0 -2 0 0 -1 1 1 0 -1 -1 0 1 1 -1]
 [-1 0 1 -1 0 0 0 -1 -1 0 0 0 0 1 0 0 0 0 -1 0 0 0 0 -1]
 [0 0 0 0 0 1 0 0 0 0 0 0 0 0 0 0 0 0 0 0 0 0 0 0]
 [0 0 1 0 1 1 -1 -1 0 0 1 0 0 0 0 -1 0 0 0 1 0 0 -1 -2]
 [1 0 -1 2 -1 -1 1 0 1 -1 0 0 0 0 -1 0 0 0 1 1 -1 -1 0 1]]

basis_hnf =
[[1 0 0 0 0 0 2 -1 -1 -3 -1 2 -2 2 -1 -1 0 0 1 0 -1 -1 -1 1]
 [0 1 0 0 0 0 7 -6 -5 -8 -2 2 -5 8 -5 -1 1 1 -1 1 -5 -4 -2 1]
 [0 0 1 0 0 0 1 -2 -1 -2 0 1 -1 2 -1 -1 0 0 0 1 -1 -1 -1 -1]
 [0 0 0 1 0 0 8 -6 -6 -8 -2 0 -5 9 -7 0 2 1 -2 1 -6 -4 -1 0]
 [0 0 0 0 1 0 7 -5 -6 -7 -2 0 -5 8 -6 0 2 1 -2 0 -5 -3 -1 0]
 [0 0 0 0 0 1 0 0 0 0 0 0 0 0 0 0 0 0 0 0 0 0 0 0]
 [0 0 0 0 0 0 9 -6 -7 -9 -3 1 -6 10 -7 0 2 1 -2 0 -6 -4 -1 1]]
