rootmask = 65536
rows = 0,6
h = 2
u = 7201
v = 8552
raw_det = 948
raw_index = 1
determinant = 948
root_reps_orthogonal = 1
norm4_reps_orthogonal = 1311

gram =
[[12 1 -3 2 -2 -1 -1]
 [1 10 -1 0 0 3 -3]
 [-3 -1 4 1 -1 1 -1]
 [2 0 1 4 -1 1 -1]
 [-2 0 -1 -1 2 0 1]
 [-1 3 1 1 0 2 -1]
 [-1 -3 -1 -1 1 -1 4]]

basis_coords =
[[-1 1 1 -1 -2 -1 0 -1 0 -1 0 2 -1 1 2 0 -1 0 1 1 0 -1 0 1]
 [1 -1 3 0 0 1 -2 -1 1 -1 1 3 0 0 1 -3 -1 -1 2 2 1 0 -2 -3]
 [0 -1 0 0 1 0 0 1 -1 1 0 -2 0 0 -1 1 1 0 -1 -1 0 1 1 -1]
 [-1 0 1 -1 0 0 0 -1 -1 0 0 0 0 1 0 0 0 0 -1 0 0 0 0 -1]
 [0 0 0 0 0 1 0 0 0 0 0 0 0 0 0 0 0 0 0 0 0 0 0 0]
 [0 0 1 0 1 1 -1 -1 0 0 1 0 0 0 0 -1 0 0 0 1 0 0 -1 -2]
 [1 2 -3 1 1 -1 2 -2 1 -1 0 -1 0 0 -1 1 -1 1 1 1 -2 -2 -1 1]]

basis_hnf =
[[1 0 0 0 0 0 1 1 -2 0 2 -5 -6 2 2 7 0 1 5 2 -3 -1 4 -2]
 [0 1 0 0 0 0 0 0 -1 0 2 -3 -4 1 2 4 0 1 3 2 -2 -1 2 -1]
 [0 0 1 0 0 0 -1 0 0 0 1 0 -1 0 1 0 0 0 1 1 0 0 0 -1]
 [0 0 0 1 0 0 -2 0 3 0 -1 5 5 -3 -1 -7 0 -1 -3 -1 3 1 -4 2]
 [0 0 0 0 1 0 0 1 -2 1 2 -5 -4 1 1 5 1 1 2 1 -2 0 3 -2]
 [0 0 0 0 0 1 0 0 0 0 0 0 0 0 0 0 0 0 0 0 0 0 0 0]
 [0 0 0 0 0 0 0 2 -2 1 2 -5 -5 1 2 6 1 1 3 1 -2 0 4 -1]]
