rootmask = 36028797018963968
rows = 0,1
h = 1
u = 23929
v = 44
raw_det = 948
raw_index = 1
determinant = 948
root_reps_orthogonal = 1
norm4_reps_orthogonal = 1311

gram =
[[26 0 2 -1 2 1 -2]
 [0 8 -6 3 3 1 1]
 [2 -6 10 -2 -2 -1 -1]
 [-1 3 -2 12 2 6 -7]
 [2 3 -2 2 2 0 -1]
 [1 1 -1 6 0 6 -3]
 [-2 1 -1 -7 -1 -3 6]]

basis_coords =
[[1 9 1 -3 2 -1 -2 1 -12 1 -9 7 1 -1 -5 0 -1 1 0 -5 -3 -4 4 2]
 [0 2 0 -1 0 3 2 0 -5 0 -4 2 0 0 -3 0 0 0 2 -1 -1 -1 1 3]
 [0 -1 0 1 -1 -3 -3 1 4 0 3 -1 0 0 3 -1 -1 0 -2 1 1 1 -1 -2]
 [0 2 0 -1 0 0 -1 0 -2 0 -1 2 0 0 0 0 0 0 -1 -1 -1 -1 -1 2]
 [0 2 0 -1 0 1 1 0 -4 0 -3 2 0 0 -2 0 0 0 1 -1 -1 -1 1 2]
 [0 1 0 0 0 0 -1 0 1 0 1 0 0 0 1 0 0 0 -1 0 0 0 -1 0]
 [0 -2 0 1 0 1 1 0 2 0 1 -2 0 0 0 0 0 0 1 1 1 1 0 -1]]

basis_hnf =
[[1 0 1 0 0 0 0 3 -9 1 -9 3 1 -1 -6 -2 -3 1 4 -2 0 -1 0 6]
 [0 1 0 0 0 0 0 0 0 0 0 0 0 0 0 0 0 0 0 0 0 0 0 0]
 [0 0 0 1 0 0 0 0 3 0 2 -2 0 0 1 0 0 0 0 1 1 1 0 -2]
 [0 0 0 0 1 0 0 -1 2 0 2 -1 0 0 1 1 1 0 -1 0 0 0 0 -2]
 [0 0 0 0 0 1 0 0 0 0 0 0 0 0 0 0 0 0 0 0 0 0 0 0]
 [0 0 0 0 0 0 1 0 -1 0 -1 0 0 0 -1 0 0 0 1 0 0 0 0 1]
 [0 0 0 0 0 0 0 0 0 0 0 0 0 0 0 0 0 0 0 0 0 0 1 -1]]
