766
767
836
837
858
859
884
885
894
895
974
975
986
987
1002
1003
1012
1013
1020
1021
1032
1033
1042
1043
1234
1235
1236
1237
1250
1251
1268
1269
1274
1275
1282
1283
1306
1307
1314
1315
1332
1333
1334
1335
1344
1345
1362
1363
1368
1369
1434
1435
1454
1455
1468
1469
1492
1493
1978
1979
1992
1993
2002
2003
2016
2017
2020
2021
2028
2029
2044
2045
2050
2051
2058
2059
2062
2063
2070
2071
2294
2295
2312
2313
2324
2325
2332
2333
2356
2357
2368
2369
2418
2419
2440
2441
2462
2463
2468
2469
2472
2473
2480
2481
2504
2505
2518
2519
2524
2525
2584
2585
