# Positive frame in the split NS = U + M(-1) marking of the
# determinant-78 E6 rank-four incidence family.
4 1 0 0 0 0 0 0 0 0 0 0 0 1 3 2 2
1 2 0 -1 0 0 0 0 0 0 0 0 0 0 0 0 0
0 0 2 0 -1 0 0 0 0 0 0 0 0 0 0 0 0
0 -1 0 2 -1 0 0 0 0 0 0 0 0 0 0 0 0
0 0 -1 -1 2 -1 0 0 0 0 0 0 0 0 0 0 0
0 0 0 0 -1 2 -1 0 0 0 0 0 0 0 0 0 0
0 0 0 0 0 -1 2 0 0 0 0 0 0 0 0 0 0
0 0 0 0 0 0 0 2 0 -1 0 0 0 0 -1 -1 0
0 0 0 0 0 0 0 0 2 0 -1 0 0 0 0 0 0
0 0 0 0 0 0 0 -1 0 2 -1 0 0 0 0 0 0
0 0 0 0 0 0 0 0 -1 -1 2 -1 0 0 0 0 0
0 0 0 0 0 0 0 0 0 0 -1 2 -1 0 0 0 0
0 0 0 0 0 0 0 0 0 0 0 -1 2 0 0 0 0
1 0 0 0 0 0 0 0 0 0 0 0 0 2 1 1 0
3 0 0 0 0 0 0 -1 0 0 0 0 0 1 6 3 3
2 0 0 0 0 0 0 -1 0 0 0 0 0 1 3 4 1
2 0 0 0 0 0 0 0 0 0 0 0 0 0 3 1 4
