rootmask = 0
rows = 1,5
h = 1
u = 20634
v = 71406
raw_det = 948
raw_index = 1
determinant = 948
root_reps_orthogonal = 0
norm4_reps_orthogonal = 1311

gram =
[[18 -5 0 1 0 3 -1]
 [-5 6 1 -1 -1 -1 -1]
 [0 1 2 0 0 1 0]
 [1 -1 0 2 0 1 0]
 [0 -1 0 0 2 -2 0]
 [3 -1 1 1 -2 10 3]
 [-1 -1 0 0 0 3 2]]

basis_coords =
[[1 2 3 1 0 3 -2 1 -1 -2 1 2 -2 -2 1 -3 1 0 1 2 0 1 -1 -1]
 [1 -1 0 1 0 -1 0 1 0 0 0 -1 0 0 -1 1 1 -1 0 -1 0 0 1 1]
 [0 0 0 -1 0 0 0 0 0 0 0 0 0 0 0 0 0 0 0 0 0 0 0 0]
 [0 1 0 0 0 0 0 0 0 0 0 0 0 0 0 0 0 0 0 0 0 0 0 0]
 [-1 1 -1 0 1 0 1 -1 0 0 1 -1 0 0 0 0 0 2 0 1 -1 -1 -1 0]
 [4 2 -1 0 0 1 0 -2 2 -2 -1 3 -1 -1 0 -1 -3 -2 2 1 -1 -1 -1 0]
 [1 1 -1 0 0 0 1 -2 1 -1 0 1 0 0 0 0 -2 0 1 1 -1 -1 -1 0]]

basis_hnf =
[[1 0 0 0 0 0 8 -11 1 -10 8 1 -1 -1 -1 0 -6 6 7 11 -9 -6 -8 1]
 [0 1 0 0 0 0 0 0 0 0 0 0 0 0 0 0 0 0 0 0 0 0 0 0]
 [0 0 1 0 0 0 7 -9 0 -9 8 0 -1 -1 -1 0 -4 6 6 10 -8 -5 -7 1]
 [0 0 0 1 0 0 0 0 0 0 0 0 0 0 0 0 0 0 0 0 0 0 0 0]
 [0 0 0 0 1 0 5 -6 0 -6 6 -1 -1 -1 -1 0 -2 5 4 7 -6 -4 -5 1]
 [0 0 0 0 0 1 8 -12 1 -10 8 2 -1 -1 0 -1 -7 7 7 12 -9 -6 -9 0]
 [0 0 0 0 0 0 11 -15 1 -13 11 1 -1 -1 -1 0 -8 9 9 15 -12 -8 -11 1]]
