18 22 3 16 3 17 17 12 6 10 18 12 16 9 8 -4 23
22 68 19 29 -4 30 39 25 13 22 15 7 21 19 -11 -22 35
3 19 8 5 -3 6 10 5 4 5 -1 -2 1 3 -8 -7 6
16 29 5 22 3 17 18 14 4 14 15 11 19 13 6 -7 23
3 -4 -3 3 4 1 -1 1 -1 1 5 5 5 2 7 3 3
17 30 6 17 1 22 23 14 9 9 17 10 14 7 3 -9 27
17 39 10 18 -1 23 28 16 10 11 16 8 14 8 -2 -13 28
12 25 5 14 1 14 16 12 5 9 12 7 13 9 1 -7 18
6 13 4 4 -1 9 10 5 6 2 5 2 2 1 -2 -4 10
10 22 5 14 1 9 11 9 2 12 7 6 12 11 1 -5 12
18 15 -1 15 5 17 16 12 5 7 24 15 18 7 13 -2 25
12 7 -2 11 5 10 8 7 2 6 15 12 13 6 11 1 15
16 21 1 19 5 14 14 13 2 12 18 13 22 14 10 -3 20
9 19 3 13 2 7 8 9 1 11 7 6 14 14 2 -3 9
8 -11 -8 6 7 3 -2 1 -2 1 13 11 10 2 18 7 8
-4 -22 -7 -7 3 -9 -13 -7 -4 -5 -2 1 -3 -3 7 10 -10
23 35 6 23 3 27 28 18 10 12 25 15 20 9 8 -10 36
