# generation = 4
# prime = 7
# roots = 0
# n4 = 1320
# parent = (1, 1308)
91795548 189031129 9273869 6301300 96113643 80946811 133912942 82096555 111425997 77264683 122450904 76267015 33625106 97229134 57239958 142289371 379021
189031129 389265092 19097330 12976033 197923510 166691008 275762282 169058621 229455710 159108480 252158909 157053948 69242993 200220555 117872181 293011620 780504
9273869 19097330 936918 636603 9710115 8177847 13528882 8294003 11257083 7805853 12370901 7705063 3397056 9822809 5782808 14375130 38290
6301300 12976033 636603 432554 6597718 5556593 9192449 5635516 7648834 5303832 8405637 5235344 2308195 6674291 3929233 9767450 26019
96113643 197923510 9710115 6597718 100635088 84754792 140212550 85958610 116667773 80899408 128211310 79854752 35206900 101803017 59932608 148983065 396851
80946811 166691008 8177847 5556593 84754792 71380426 118086899 72394277 98257509 68133417 107979463 67253599 29651222 85738419 50475187 125473425 334229
133912942 275762282 13528882 9192449 140212550 118086899 195354922 119764152 162550525 112715284 178633869 111259793 49052963 141839803 83502731 207574675 552923
82096555 169058621 8294003 5635516 85958610 72394277 119764152 73422532 99653113 69101153 109513156 68208844 30072376 86956210 51192118 127255590 338975
111425997 229455710 11257083 7648834 116667773 98257509 162550525 99653113 135254712 93787903 148637305 92576817 40815888 118021774 69480779 172718315 460075
77264683 159108480 7805853 5303832 80899408 68133417 112715284 69101153 93787903 65034122 103067623 64194336 28302429 81838296 48179150 119765800 319025
122450904 252158909 12370901 8405637 128211310 107979463 178633869 109513156 148637305 103067623 163344028 101736714 44854364 129699281 76355465 189807695 505596
76267015 157053948 7705063 5235344 79854752 67253599 111259793 68208844 92576817 64194336 101736714 63365416 27936963 80781523 47557032 118219255 314902
33625106 69242993 3397056 2308195 35206900 29651222 49052963 30072376 40815888 28302429 44854364 27936963 12317040 35615501 20967257 52121300 138838
97229134 200220555 9822809 6674291 101803017 85738419 141839803 86956210 118021774 81838296 129699281 80781523 35615501 102984510 60628173 150712100 401457
57239958 117872181 5782808 3929233 59932608 50475187 83502731 51192118 69480779 48179150 76355465 47557032 20967257 60628173 35692524 88725945 236341
142289371 293011620 14375130 9767450 148983065 125473425 207574675 127255590 172718315 119765800 189807695 118219255 52121300 150712100 88725945 220558800 587510
379021 780504 38290 26019 396851 334229 552923 338975 460075 319025 505596 314902 138838 401457 236341 587510 1568
