# generation = 8
# prime = 11
# roots = 0
# n4 = 1320
# parent = (1, 1309)
1626115123348046272 464758639858309366 457133485456748947 2226867506555983824 2114683884505059410 746260663161359346 2914166088424126056 948107550343858809 1473291879629577120 2601005998529665583 284631313756604318 1151499403665968292 353183226125214433 1695504903395583438 1064089047402695732 2102701480660917356 3336026773128096266
464758639858309366 132832288576356862 130652949403197741 636459189531875998 604396079823248866 213288152733328542 832895437801866422 270977847269484335 421080352958736431 743391407399891102 81350244114474968 329109107320505921 100943010392008748 484590876415190807 304126424542914110 600971398733406686 953467096731544725
457133485456748947 130652949403197741 128509365988541106 626016996156079590 594479936188447002 209788798537113764 819230374328208879 266531995707774305 414171814996423726 731194809475545543 80015555270031716 323709513761484276 99286868958614306 476640340508252403 299136714302258359 591111442805183258 937823850526154900
2226867506555983824 636459189531875998 626016996156079590 3049562002439772260 2895933234632358722 1021959391653270068 3990776346546568983 1298376643982073115 2017585204954571140 3561922313690456127 389785578433034462 1576909635132579673 483663326677343345 2321892664526828639 1457206374702658842 2879524048475838186 4568489349502055065
2114683884505059410 604396079823248866 594479936188447002 2895933234632358722 2750043872772140934 970475814023663772 3789731720392249977 1232967905348358458 1915944664858761100 3382482205360078568 370149224728515968 1497469150238276960 459297663394672554 2204921929468172109 1383796219536909285 2734461337474967377 4338341089212943725
746260663161359346 213288152733328542 209788798537113764 1021959391653270068 970475814023663772 342475738270859596 1337376109775140962 435107797171911904 676126652619102938 1193659928180849766 130623687038318886 528448875649347772 162083695527661788 778105187900960444 488334304733916496 964976820434214963 1530977429760840325
2914166088424126056 832895437801866422 819230374328208879 3990776346546568983 3789731720392249977 1337376109775140962 5222486322761729130 1699106558767042683 2640291066924792941 4661271128883380993 510088683355519949 2063605746495316837 632940783709836563 3038519734112754436 1906957368811555835 3768258016323557297 5978504198588694025
948107550343858809 270977847269484335 266531995707774305 1298376643982073115 1232967905348358458 435107797171911904 1699106558767042683 552794764720132858 859003852114180849 1516518351184306572 165954484871467857 671382525847454080 205923724917259319 988565309720892115 620417857010955423 1225981556477492702 1945072723534982525
1473291879629577120 421080352958736431 414171814996423726 2017585204954571140 1915944664858761100 676126652619102938 2640291066924792941 859003852114180849 1334831053113494732 2356561944157864305 257881497579645128 1043280820933772182 319990861409806602 1536160367847577960 964085340718904183 1905088374287113663 3022505039469161675
2601005998529665583 743391407399891102 731194809475545543 3561922313690456127 3382482205360078568 1193659928180849766 4661271128883380993 1516518351184306572 2356561944157864305 4160364851941239406 455273887943449659 1841847980647227893 564924141311932494 2711996439211810126 1702033242004196953 3363316093546759126 5336046337418235725
284631313756604318 81350244114474968 80015555270031716 389785578433034462 370149224728515968 130623687038318886 510088683355519949 165954484871467857 257881497579645128 455273887943449659 49821186463112710 201555709893757813 61820349743650533 296777135397785287 186255609561425465 368051853331404649 583930171688970150
1151499403665968292 329109107320505921 323709513761484276 1576909635132579673 1497469150238276960 528448875649347772 2063605746495316837 671382525847454080 1043280820933772182 1841847980647227893 201555709893757813 815410211494158948 250099312421781820 1200636324661290826 753512396470981832 1488984061647128563 2362337564367209550
353183226125214433 100943010392008748 99286868958614306 483663326677343345 459297663394672554 162083695527661788 632940783709836563 205923724917259319 319990861409806602 564924141311932494 61820349743650533 250099312421781820 76709446597721568 368254303212825342 231114265681515277 456695151441093318 724566595105263900
1695504903395583438 484590876415190807 476640340508252403 2321892664526828639 2204921929468172109 778105187900960444 3038519734112754436 988565309720892115 1536160367847577960 2711996439211810126 296777135397785287 1200636324661290826 368254303212825342 1767855692479880998 1109495983166408580 2192428211046576358 3478382108673739025
1064089047402695732 304126424542914110 299136714302258359 1457206374702658842 1383796219536909285 488334304733916496 1906957368811555835 620417857010955423 964085340718904183 1702033242004196953 186255609561425465 753512396470981832 231114265681515277 1109495983166408580 696313246549904556 1375955234289901971 2183012444911611775
2102701480660917356 600971398733406686 591111442805183258 2879524048475838186 2734461337474967377 964976820434214963 3768258016323557297 1225981556477492702 1905088374287113663 3363316093546759126 368051853331404649 1488984061647128563 456695151441093318 2192428211046576358 1375955234289901971 2718967097280534456 4313758807518036250
3336026773128096266 953467096731544725 937823850526154900 4568489349502055065 4338341089212943725 1530977429760840325 5978504198588694025 1945072723534982525 3022505039469161675 5336046337418235725 583930171688970150 2362337564367209550 724566595105263900 3478382108673739025 2183012444911611775 4313758807518036250 6843964779144020000
