# generation = 3
# prime = 5
# roots = 0
# n4 = 1321
# parent = (2, 1307)
1366172 1081948 1445405 299788 68815 391075 1310922 1030730 841919 1516678 1383024 2992 640490 909303 1408077 236772 1619746
1081948 857076 1144935 237467 54496 309804 1038395 816482 666897 1201400 1095510 2281 507336 720251 1115308 187547 1283065
1445405 1144935 1529506 317225 72804 413854 1387181 1090719 890900 1604929 1463480 3072 677738 962173 1489941 250546 1714020
299788 237467 317225 65796 15100 85836 287707 226220 184776 332870 303531 637 140568 199561 309020 51963 355495
68815 54496 72804 15100 3468 19698 66030 51917 42406 76394 69662 152 32262 45801 70923 11926 81585
391075 309804 413854 85836 19698 111986 375343 295131 241060 434264 395988 820 183384 260344 403142 67792 463785
1310922 1038395 1387181 287707 66030 375343 1258102 989225 808000 1455586 1327301 2791 614675 872643 1351302 227232 1554525
1030730 816482 1090719 226220 51917 295131 989225 777818 635318 1144507 1043637 2182 483311 686144 1062500 178669 1222305
841919 666897 890900 184776 42406 241060 808000 635318 518930 934831 852442 1790 394766 560444 867857 145938 998375
1516678 1201400 1604929 332870 76394 434264 1455586 1144507 934831 1684076 1535649 3221 711162 1009622 1563411 262899 1798545
1383024 1095510 1463480 303531 69662 395988 1327301 1043637 852442 1535649 1400310 2945 648485 920641 1425627 239731 1640030
2992 2281 3072 637 152 820 2791 2182 1790 3221 2945 44 1364 1942 3016 505 3430
640490 507336 677738 140568 32262 183384 614675 483311 394766 711162 648485 1364 300320 426354 660209 111018 759500
909303 720251 962173 199561 45801 260344 872643 686144 560444 1009622 920641 1942 426354 605288 937292 157611 1078245
1408077 1115308 1489941 309020 70923 403142 1351302 1062500 867857 1563411 1425627 3016 660209 937292 1451418 244066 1669675
236772 187547 250546 51963 11926 67792 227232 178669 145938 262899 239731 505 111018 157611 244066 41044 280770
1619746 1283065 1714020 355495 81585 463785 1554525 1222305 998375 1798545 1640030 3430 759500 1078245 1669675 280770 1920800
