# generation = 7
# prime = 17
# roots = 0
# n4 = 1321
# parent = (1, 1318)
3832027844945504 1844881672053638 1417404912888770 6569958272761040 3642616061470697 2316257437068445 2281935467312143 6136361122513338 5140394418331350 4175386021059912 3584991366162750 2291699749519646 972112131404540 4966912494330734 7194929490617087 1935344713508379 7277769899332869
1844881672053638 888195107552280 682391791365375 3163023885537165 1753691748094777 1115133048693435 1098609167470647 2954273983940916 2474778324493664 2010187153046193 1725949062359311 1103310058491900 468011175017236 2391257631281770 3463908428144805 931747402558383 3503790902368159
1417404912888770 682391791365375 524275075334286 2430120946436708 1347344568001223 856746037259462 844050897630791 2269740397066236 1901348475942944 1544407530152772 1326030128352324 847662547164141 359568501766605 1837180327558056 2661287657757830 715852602344845 2691928980591604
6569958272761040 3163023885537165 2430120946436708 11264101789592806 6245214412836193 3971191057660332 3912346519399572 10520705525374219 8813134507528736 7158641074948171 6146417676753840 3929087245012411 1666672685641369 8515702169389838 12335606222532342 3318121507895820 12477634947428950
3642616061470697 1753691748094777 1347344568001223 6245214412836193 3462566637877666 2201768067503526 2169142584768398 5833049364040202 4886311902786832 3969002522588195 3407790250763312 2178424232149094 924061986679553 4721404947958538 6839294176408221 1839683327774271 6918039899442659
2316257437068445 1115133048693435 856746037259462 3971191057660332 2201768067503526 1400054679106780 1379308870120062 3709104594672499 3107095585606613 2523799229876839 2166936997775621 1385210860450279 587590185964684 3002234970570102 4348952986824123 1169813155682069 4399025616916294
2281935467312143 1098609167470647 844050897630791 3912346519399572 2169142584768398 1379308870120062 1358870469548856 3654143615947159 3061055089842889 2486401935667478 2134827636824993 1364685005034762 578883359051134 2957748284327025 4284510826597731 1152479032493796 4333841487654796
6136361122513338 2954273983940916 2269740397066236 10520705525374219 5833049364040202 3709104594672499 3654143615947159 9826371140742686 8231494587068175 6686192660382848 5740772910346287 3669779504875483 1556677386297683 7953691873480568 11521493943187059 3099135637625852 11654149206669047
5140394418331350 2474778324493664 1901348475942944 8813134507528736 4886311902786832 3107095585606613 3061055089842889 8231494587068175 6895475671177492 5600985135177315 4809012448266421 3074153184065154 1304019693088912 6662761935818541 9651489208978199 2596128098597903 9762613760213574
4175386021059912 2010187153046193 1544407530152772 7158641074948171 3969002522588195 2523799229876839 2486401935667478 6686192660382848 5600985135177315 4549509849714342 3906214527042585 2497041119176289 1059215529901136 5411958846833561 7839611097139961 2108755883228017 7929874189827096
3584991366162750 1725949062359311 1326030128352324 6146417676753840 3407790250763312 2166936997775621 2134827636824993 5740772910346287 4809012448266421 3906214527042585 3353880403675226 2143962452342684 909443704233745 4646714253973281 6731099341600420 1810580290441423 6808599339524021
2291699749519646 1103310058491900 847662547164141 3929087245012411 2178424232149094 1385210860450279 1364685005034762 3669779504875483 3074153184065154 2497041119176289 2143962452342684 1370524420614066 581360370590303 2970404334146523 4302844023766582 1157410429841965 4352385768136406
972112131404540 468011175017236 359568501766605 1666672685641369 924061986679553 587590185964684 578883359051134 1556677386297683 1304019693088912 1059215529901136 909443704233745 581360370590303 246606244594888 1260010648864242 1825215923644999 490959917458205 1846230950034029
4966912494330734 2391257631281770 1837180327558056 8515702169389838 4721404947958538 3002234970570102 2957748284327025 7953691873480568 6662761935818541 5411958846833561 4646714253973281 2970404334146523 1260010648864242 6437901999851598 9325763441432355 2508512001302183 9433137677151448
7194929490617087 3463908428144805 2661287657757830 12335606222532342 6839294176408221 4348952986824123 4284510826597731 11521493943187059 9651489208978199 7839611097139961 6731099341600420 4302844023766582 1825215923644999 9325763441432355 13509038156772532 3633759804775295 13664577449237962
1935344713508379 931747402558383 715852602344845 3318121507895820 1839683327774271 1169813155682069 1152479032493796 3099135637625852 2596128098597903 2108755883228017 1810580290441423 1157410429841965 490959917458205 2508512001302183 3633759804775295 977435267086096 3675597900311532
7277769899332869 3503790902368159 2691928980591604 12477634947428950 6918039899442659 4399025616916294 4333841487654796 11654149206669047 9762613760213574 7929874189827096 6808599339524021 4352385768136406 1846230950034029 9433137677151448 13664577449237962 3675597900311532 13821907577677706
