# generation = 4
# prime = 11
# roots = 0
# n4 = 1321
# parent = (1, 1315)
257175568 1470116 167680522 161465857 59982349 69527158 230427348 55790664 125095017 200729766 182030062 105461073 126599406 6480558 171619484 117967391 254115907
1470116 8410 958510 922989 342876 397434 1317192 318923 715082 1147437 1040549 602853 723685 37055 981031 674340 1452605
167680522 958510 109329232 105277202 39109032 45332379 150240713 36376001 81563075 130877616 118685207 68761479 82543941 4225287 111897384 76915815 165685905
161465857 922989 105277202 101375356 37659548 43652241 144672399 35027817 78540135 126026953 114286431 66213002 79484651 4068693 107750175 74065117 159545155
59982349 342876 39109032 37659548 13990006 16216206 53743805 13012349 29176578 46817276 42455832 24597222 29527452 1511464 40027709 27514168 59268825
69527158 397434 45332379 43652241 16216206 18796672 62295952 15082978 33819390 54267218 49211740 28511305 34226097 1751958 46397222 31892450 68700170
230427348 1317192 150240713 144672399 53743805 62295952 206461456 49988067 112084341 179852603 163097747 94492340 113432254 5806419 153769889 105698055 227686305
55790664 318923 36376001 35027817 13012349 15082978 49988067 12103030 27137657 43545587 39488942 22878314 27464016 1405849 37230482 25591426 55126995
125095017 715082 81563075 78540135 29176578 33819390 112084341 27137657 60848646 97638858 88542941 51298253 61580404 3152208 83479006 57381643 123606945
200729766 1147437 130877616 126026953 46817276 54267218 179852603 43545587 97638858 156673120 142077641 82314122 98813055 5058090 133951949 92075644 198341990
182030062 1040549 118685207 114286431 42455832 49211740 163097747 39488942 88542941 142077641 128841874 74645849 89607755 4586902 121473153 83497991 179864685
105461073 602853 68761479 66213002 24597222 28511305 94492340 22878314 51298253 82314122 74645849 43246874 51915162 2657501 70376741 48375396 104206410
126599406 723685 82543941 79484651 29527452 34226097 113432254 27464016 61580404 98813055 89607755 51915162 62320968 3190121 84482914 58071710 125093430
6480558 37055 4225287 4068693 1511464 1751958 5806419 1405849 3152208 5058090 4586902 2657501 3190121 163346 4324582 2972596 6403320
171619484 981031 111897384 107750175 40027709 46397222 153769889 37230482 83479006 133951949 121473153 70376741 84482914 4324582 114525906 78722571 169577870
117967391 674340 76915815 74065117 27514168 31892450 105698055 25591426 57381643 92075644 83497991 48375396 58071710 2972596 78722571 54112188 116564140
254115907 1452605 165685905 159545155 59268825 68700170 227686305 55126995 123606945 198341990 179864685 104206410 125093430 6403320 169577870 116564140 251093150
