# generation = 3
# prime = 11
# roots = 0
# n4 = 1321
# parent = (1, 1318)
246134 147521 22092 106722 90802 12387 40406 96488 67463 45301 31825 805 57033 44951 161063 93150 194013
147521 88948 13084 64223 54477 7270 24140 57863 40395 27368 18934 510 34339 26949 97207 55823 117040
22092 13084 2034 9495 8130 1156 3653 8643 6066 4000 2899 72 5069 4035 14251 8357 17171
106722 64223 9495 46422 39411 5298 17476 41871 29236 19755 13724 341 24813 19486 70186 40402 84546
90802 54477 8130 39411 33514 4555 14895 35611 24886 16739 11722 286 21061 16578 59501 34374 71687
12387 7270 1156 5298 4555 670 2055 4848 3407 2217 1641 30 2826 2260 7911 4691 9548
40406 24140 3653 17476 14895 2055 6648 15829 11080 7403 5246 135 9337 7380 26338 15288 31724
96488 57863 8643 41871 35611 4848 15829 37846 26447 17778 12463 296 22375 17614 63199 36531 76153
67463 40395 6066 29236 24886 3407 11080 26447 18496 12401 8732 215 15621 12319 44101 25535 53130
45301 27368 4000 19755 16739 2217 7403 17778 12401 8430 5798 152 10563 8273 29925 17147 36036
31825 18934 2899 13724 11722 1641 5246 12463 8732 5798 4156 103 7331 5812 20641 12042 24871
805 510 72 341 286 30 135 296 215 152 103 30 186 156 541 287 616
57033 34339 5069 24813 21061 2826 9337 22375 15621 10563 7331 186 13266 10415 37526 21588 45199
44951 26949 4035 19486 16578 2260 7380 17614 12319 8273 5812 156 10415 8214 29415 17005 35420
161063 97207 14251 70186 59501 7911 26338 63199 44101 29925 20641 541 37526 29415 106276 60963 127974
93150 55823 8357 40402 34374 4691 15288 36531 25535 17147 12042 287 21588 17005 60963 35266 73458
194013 117040 17171 84546 71687 9548 31724 76153 53130 36036 24871 616 45199 35420 127974 73458 154154
