# generation = 9
# prime = 11
# roots = 0
# n4 = 1321
# parent = (2, 1308)
2526573356968900 2059439709794568 1236455435314159 1440515811444698 1800982589813157 249698970279692 1003171690189954 697954490353209 1004238180218483 446579064058262 315655940506030 194683007176214 2205885830268012 1720236809189313 387892826596993 2201060805193916 282229334251972
2059439709794568 1678673570502316 1007849392480070 1174181409177611 1468002127023081 203532572474273 817697063424103 568910927956358 818566372011091 364011856433049 257294875970124 158688412784430 1798043528638147 1402185289939586 316176012873263 1794110593854799 230048455400750
1236455435314159 1007849392480070 605097033617242 704960178498022 881365548298442 122197777532649 490932545246548 341565235309311 491454464544431 218547033091032 154475824836565 95274044476959 1079517250902249 841850147308469 189827139767082 1077155978286960 138117499489375
1440515811444698 1174181409177611 704960178498022 821304395258908 1026823103951141 142364880796901 571954373430984 397935993526438 572562428504727 254615287959791 179969986630779 110997746922008 1257677085836023 980786216332007 221155561669168 1254926116864310 160911939216875
1800982589813157 1468002127023081 881365548298442 1026823103951141 1283769687456118 177989487986881 715077099836650 497513314680233 715837311278107 318328821573964 225004689317422 138773214515796 1572391304005228 1226212781497482 276496316834634 1568951947641485 201177660613125
249698970279692 203532572474273 122197777532649 142364880796901 177989487986881 24677524437130 99142555019562 68978213936533 99247955268962 44135006860680 31195992425710 19240346332591 218005710720193 170009455180522 38335098845617 217528857835938 27892471022500
1003171690189954 817697063424103 490932545246548 571954373430984 715077099836650 99142555019562 398307627689866 277121653259022 398731075757012 177313464206029 125330658808110 77298559656470 875843248569352 683017123821781 154012192599317 873927480501350 112058681170625
697954490353209 568910927956358 341565235309311 397935993526438 497513314680233 68978213936533 277121653259022 192806778897078 277416266317574 123365451550227 87198529373864 53780302352672 609366007994920 475207657095383 107153643234759 608033116587985 77964580211875
1004238180218483 818566372011091 491454464544431 572562428504727 715837311278107 99247955268962 398731075757012 277416266317574 399154973999486 177501969367560 125463900105881 77380737157979 876774373420976 683743251720934 154175925756143 874856568665178 112177812788125
446579064058262 364011856433049 218547033091032 254615287959791 318328821573964 44135006860680 177313464206029 123365451550227 177501969367560 78934126296032 55793089912393 34410778097126 389896626901191 304056774004790 68561166046803 389043789925098 49884841693750
315655940506030 257294875970124 154475824836565 179969986630779 225004689317422 31195992425710 125330658808110 87198529373864 125463900105881 55793089912393 39436287294788 24322605778001 275591034980887 214916763212140 48461159719463 274988223341348 35260154111875
194683007176214 158688412784430 95274044476959 110997746922008 138773214515796 19240346332591 77298559656470 53780302352672 77380737157979 34410778097126 24322605778001 15001137085034 169972696711578 132551415593873 29888758913633 169600908420306 21746946453750
2205885830268012 1798043528638147 1079517250902249 1257677085836023 1572391304005228 218005710720193 875843248569352 609366007994920 876774373420976 389896626901191 275591034980887 169972696711578 1925901847558448 1501894252003533 338659191308502 1921689242999724 246407129876250
1720236809189313 1402185289939586 841850147308469 980786216332007 1226212781497482 170009455180522 683017123821781 475207657095383 683743251720934 304056774004790 214916763212140 132551415593873 1501894252003533 1171236398708970 264099800028374 1498609096749776 192158002487500
387892826596993 316176012873263 189827139767082 221155561669168 276496316834634 38335098845617 154012192599317 107153643234759 154175925756143 68561166046803 48461159719463 29888758913633 338659191308502 264099800028374 59551346296932 337918428088923 43329331368750
2201060805193916 1794110593854799 1077155978286960 1254926116864310 1568951947641485 217528857835938 873927480501350 608033116587985 874856568665178 389043789925098 274988223341348 169600908420306 1921689242999724 1498609096749776 337918428088923 1917485852844738 245868153396250
282229334251972 230048455400750 138117499489375 160911939216875 201177660613125 27892471022500 112058681170625 77964580211875 112177812788125 49884841693750 35260154111875 21746946453750 246407129876250 192158002487500 43329331368750 245868153396250 31526255468750
