# generation = 8
# prime = 7
# roots = 0
# n4 = 1321
# parent = (1, 1311)
37879125762030 2741353078696 21686800747375 9339222636105 18638768441727 2150943650687 29794943655856 8681936109090 21261367480345 8996271764465 16137022767793 25586932603056 32857718856799 34734215107173 17730561319489 80101643762 34761998837817
2741353078696 198394671332 1569497098782 675889588484 1348907722057 155666105821 2156292123048 628321055417 1538708035575 651069865007 1167853696445 1851753836639 2377948458998 2513752511096 1283179795614 5797042188 2515763249615
21686800747375 1569497098782 12416266669832 5346951820545 10671187606953 1231472095262 17058392805715 4970637910092 12172694879146 5150603381299 9238872080709 14649195248432 18811912565830 19886256270362 10151215023089 45860308075 19902163190525
9339222636105 675889588484 5346951820545 2302615957884 4595449463172 530322208509 7346041035803 2140559809908 5242059853873 2218060296139 3978635865783 6308542115449 8101178302345 8563834604703 4371528019796 19749322755 8570684774575
18638768441727 1348907722057 10671187606953 4595449463172 9171375581028 1058391391759 14660873090431 4272025647911 10461849297507 4426697366635 7940368862231 12590282968657 16167939492129 17091286544009 8724484003969 39414742275 17104957781450
2150943650687 155666105821 1231472095262 530322208509 1058391391759 122140057242 1691888172850 492998583584 1207314119961 510847947038 916331250059 1452938765417 1865806042896 1972361767545 1006819389937 4548524285 1973939450175
29794943655856 2156292123048 17058392805715 7346041035803 14660873090431 1691888172850 23436091770028 6829032930794 16723755720972 7076282911801 12693051238853 20126156555828 25845207944471 27321221420012 13946495989822 63006310085 27343075532850
8681936109090 628321055417 4970637910092 2140559809908 4272025647911 492998583584 6829032930794 1989909035508 4873128150627 2061955103528 3698622865663 5864552299854 7531024280326 7961119226639 4063863604830 18359382195 7967487287375
21261367480345 1538708035575 12172694879146 5242059853873 10461849297507 1207314119961 16723755720972 4873128150627 11933901273316 5049563211801 9057631722687 14361819758373 18442876417397 19496144558199 9952077094878 44960659420 19511739429875
8996271764465 651069865007 5150603381299 2218060296139 4426697366635 510847947038 7076282911801 2061955103528 5049563211801 2136609650650 3832534129888 6076882575597 7803690356071 8249357194896 4210998669119 19024096765 8255955815800
16137022767793 1167853696445 9238872080709 3978635865783 7940368862231 916331250059 12693051238853 3698622865663 9057631722687 3832534129888 6874591178998 10900381296980 13997835131259 14797248056331 7553460275638 34124389410 14809084303475
25586932603056 1851753836639 14649195248432 6308542115449 12590282968657 1452938765417 20126156555828 5864552299854 14361819758373 6076882575597 10900381296980 17283691397266 22195027499157 23462580066236 11976799052122 54107778500 23481347670550
32857718856799 2377948458998 18811912565830 8101178302345 16167939492129 1865806042896 25845207944471 7531024280326 18442876417397 7803690356071 13997835131259 22195027499157 28501969536892 30129710014208 15380127902336 69483052145 30153810623475
34734215107173 2513752511096 19886256270362 8563834604703 17091286544009 1972361767545 27321221420012 7961119226639 19496144558199 8249357194896 14797248056331 23462580066236 30129710014208 31850410350370 16258483227937 73451212120 31875887339450
17730561319489 1283179795614 10151215023089 4371528019796 8724484003969 1006819389937 13946495989822 4063863604830 9952077094878 4210998669119 7553460275638 11976799052122 15380127902336 16258483227937 8299368013370 37494188905 16271488310000
80101643762 5797042188 45860308075 19749322755 39414742275 4548524285 63006310085 18359382195 44960659420 19024096765 34124389410 54107778500 69483052145 73451212120 37494188905 169388250 73509965375
34761998837817 2515763249615 19902163190525 8570684774575 17104957781450 1973939450175 27343075532850 7967487287375 19511739429875 8255955815800 14809084303475 23481347670550 30153810623475 31875887339450 16271488310000 73509965375 31901384707500
