# generation = 10
# prime = 5
# roots = 0
# n4 = 1321
# parent = (2, 1308)
35808020939787356 59097631700683349 25509978477460858 8927831784553542 469584689914613 21108840360885121 21778877842622855 14952697559815508 11638654493240053 1440730610629577 5941046795222654 14733720976339379 13493551535550913 21390523132666742 1035668314837385 9502867630411840 26719906572796568
59097631700683349 97534853392273578 42101721155950031 14734512012724870 775003541902371 34838073720237264 35943904963688961 24677962929244558 19208459408845852 2377784774815037 9805115898781032 24316563523700425 22269785317739356 35302963548445741 1709269125407506 15683552360147869 44098588982929250
25509978477460858 42101721155950031 18173553992687802 6360273220832874 334536649015240 15038140873404443 15515482019036687 10652445539290988 8291489388045545 1026390342286130 4232458871004487 10496444515360048 9612935879233156 15238814388919527 737820067345060 6769934287449241 19035518403488125
8927831784553542 14734512012724870 6360273220832874 2225930902668812 117079162995598 5262959833102024 5430016871421994 3728080051221336 2901806544654091 359210037331767 1481250988461461 3673483733113760 3364278592446507 5333190366291842 258217914779705 2369301666178588 6661938440609375
469584689914613 775003541902371 334536649015240 117079162995598 6158111373288 276820332293429 285607172080591 196088967296434 152628763550486 18893672961763 77910606168216 193217318756557 176953795472880 280514306815531 13581705207795 124620155831270 350403588727500
21108840360885121 34838073720237264 15038140873404443 5262959833102024 276820332293429 12443668476696892 12838655797040397 8814620229514914 6860990729602799 849311178463588 3502249079550711 8685533460068918 7954453158533380 12609720565192644 610526819158490 5601943657212858 15751393891646875
21778877842622855 35943904963688961 15515482019036687 5430016871421994 285607172080591 12838655797040397 13246180817462016 9094414185037092 7078772515437291 876270040888067 3613417581162430 8961229939251987 8206943663545707 13009978716207598 629906180859480 5779760730853280 16251375137256875
14952697559815508 24677962929244558 10652445539290988 3728080051221336 196088967296434 8814620229514914 9094414185037092 6243940839156634 4860064199952426 601619651701429 2480859695291579 6152500694198382 5634631287167562 8932245196874730 432473917228995 3968203265615975 11157686778651875
11638654493240053 19208459408845852 8291489388045545 2901806544654091 152628763550486 6860990729602799 7078772515437291 4860064199952426 3782903239494782 468279602024016 1931014034370645 4788890403403413 4385799049690210 6952545872038057 336622504389625 3088710019225538 8684751419671250
1440730610629577 2377784774815037 1026390342286130 359210037331767 18893672961763 849311178463588 876270040888067 601619651701429 468279602024016 57967590442846 239037169673609 592809160125969 542911119719944 860644644573684 41669966797555 382346522498878 1075071626475000
5941046795222654 9805115898781032 4232458871004487 1481250988461461 77910606168216 3502249079550711 3613417581162430 2480859695291579 1931014034370645 239037169673609 985701976726872 2444528446165109 2238767153349763 3548984154113377 171831722650205 1576657402429972 4433202705614375
14733720976339379 24316563523700425 10496444515360048 3673483733113760 193217318756557 8685533460068918 8961229939251987 6152500694198382 4788890403403413 592809160125969 2444528446165109 6062399655475448 5552114249457397 8801435854402539 426140500769650 3910090434124009 10994286688433125
13493551535550913 22269785317739356 9612935879233156 3364278592446507 176953795472880 7954453158533380 8206943663545707 5634631287167562 4385799049690210 542911119719944 2238767153349763 5552114249457397 5084780679410822 8060599795458797 390271325061325 3580969591201389 10068873590400625
21390523132666742 35302963548445741 15238814388919527 5333190366291842 280514306815531 12609720565192644 13009978716207598 8932245196874730 6952545872038057 860644644573684 3548984154113377 8801435854402539 8060599795458797 12777988503150074 618673874312915 5676697693424758 15961585271891875
1035668314837385 1709269125407506 737820067345060 258217914779705 13581705207795 610526819158490 629906180859480 432473917228995 336622504389625 41669966797555 171831722650205 426140500769650 390271325061325 618673874312915 29954430046950 274849562936200 772814578593750
9502867630411840 15683552360147869 6769934287449241 2369301666178588 124620155831270 5601943657212858 5779760730853280 3968203265615975 3088710019225538 382346522498878 1576657402429972 3910090434124009 3580969591201389 5676697693424758 274849562936200 2521906847434556 7091029568074375
26719906572796568 44098588982929250 19035518403488125 6661938440609375 350403588727500 15751393891646875 16251375137256875 11157686778651875 8684751419671250 1075071626475000 4433202705614375 10994286688433125 10068873590400625 15961585271891875 772814578593750 7091029568074375 19938365442187500
