# generation = 7
# prime = 7
# roots = 0
# n4 = 1321
# parent = (2, 1313)
18483197304648 5009546715793 5044282392494 3498595820633 2269275326363 5706584395248 1633476474618 788282255581 5088334338793 2562687727299 4995756371315 5243378079877 4350958485893 2217774448421 7535113135085 4074226128061 4099642096961
5009546715793 1357749846336 1367164342718 948233085132 615047308715 1546669693868 442725172128 213650090929 1379103850846 694571598074 1354012215070 1421125739693 1179251048228 601088898383 2042260364357 1104247592374 1111136145350
5044282392494 1367164342718 1376644118276 954808034875 619311982883 1557394140890 445794982509 215131518466 1388666413682 699387685382 1363400795143 1430979677969 1187427852490 605256786341 2056421185598 1111904330440 1118840647925
3498595820633 948233085132 954808034875 662232432760 429540249015 1080172006303 309192931992 149210169613 963146416636 485078875950 945622776929 992493903205 823572075972 419791894686 1426285446625 771190734448 776001601375
2269275326363 615047308715 619311982883 429540249015 278610373656 700626139117 200550142873 96781387069 624720462444 314634093512 613354198598 643755964313 534189111115 272287351155 925123832061 500213284245 503333730900
5706584395248 1546669693868 1557394140890 1080172006303 700626139117 1761876201622 504326778864 243377763312 1570994934413 791215586475 1542412001659 1618863827336 1343334239858 684725529464 2326424282884 1257894663140 1265741702225
1633476474618 442725172128 445794982509 309192931992 200550142873 504326778864 144360596784 69665464177 449688130233 226480843388 441506432613 463390321476 384521585262 195998686109 665925371904 360065005095 362311174225
788282255581 213650090929 215131518466 149210169613 96781387069 243377763312 69665464177 33619124676 217010271759 109295011506 213061952208 223622668276 185562233242 94584947407 321361931085 173759989102 174843944275
5088334338793 1379103850846 1388666413682 963146416636 624720462444 1570994934413 449688130233 217010271759 1400793700394 705495469723 1375307435999 1443476488275 1197797713719 610542521309 2074380004931 1121614641381 1128611534050
2562687727299 694571598074 699387685382 485078875950 314634093512 791215586475 226480843388 109295011506 705495469723 355315602630 692659572439 726992220826 603258610069 307493517938 1044740346533 564889782170 568413695850
4995756371315 1354012215070 1363400795143 945622776929 613354198598 1542412001659 441506432613 213061952208 1375307435999 692659572439 1350284872858 1417213646505 1176004790760 599434213089 2036638403761 1101207805347 1108077395425
5243378079877 1421125739693 1430979677969 992493903205 643755964313 1618863827336 463390321476 223622668276 1443476488275 726992220826 1417213646505 1487459839226 1234295126427 629146015055 2137587257936 1155790722975 1163000813975
4350958485893 1179251048228 1187427852490 823572075972 534189111115 1343334239858 384521585262 185562233242 1197797713719 603258610069 1176004790760 1234295126427 1024218885780 522065765942 1773771274535 959075881594 965058819725
2217774448421 601088898383 605256786341 419791894686 272287351155 684725529464 195998686109 94584947407 610542521309 307493517938 599434213089 629146015055 522065765942 266107828920 904128279535 488861015651 491910644225
7535113135085 2042260364357 2056421185598 1426285446625 925123832061 2326424282884 665925371904 321361931085 2074380004931 1044740346533 2036638403761 2137587257936 1773771274535 904128279535 3071867330454 1660954774856 1671316196550
4074226128061 1104247592374 1111904330440 771190734448 500213284245 1257894663140 360065005095 173759989102 1121614641381 564889782170 1101207805347 1155790722975 959075881594 488861015651 1660954774856 898076143176 903678550775
4099642096961 1111136145350 1118840647925 776001601375 503333730900 1265741702225 362311174225 174843944275 1128611534050 568413695850 1108077395425 1163000813975 965058819725 491910644225 1671316196550 903678550775 909315907500
