# generation = 5
# prime = 7
# roots = 0
# n4 = 1321
# parent = (2, 1314)
1847245778 394097526 672355438 565113367 776166899 142702830 199699713 1346893941 321363775 536926818 1122244462 1451523085 158675795 174244169 1045785125 1692423621 1879243804
394097526 84078086 143442538 120563169 165590024 30444701 42604591 287350831 68560811 114549754 239423358 309672750 33852419 37173826 223111264 361067278 400924125
672355438 143442538 244722094 205688412 282507105 51940586 72686151 490238779 116969105 195429151 408471471 528321392 57754377 63420904 380641996 616003729 684002025
565113367 120563169 205688412 172880700 237446641 43655961 61092556 412044682 98312291 164257806 343319426 444053048 48542437 53305147 319928821 517749860 574902300
776166899 165590024 282507105 237446641 326126114 59960199 83908866 565931493 135029096 225603351 471539336 609894047 66671635 73213071 439412997 711114510 789611725
142702830 30444701 51940586 43655961 59960199 11024038 15427134 104049825 24825890 41478500 86695270 112132595 12257971 13460652 80788654 130742573 145174750
199699713 42604591 72686151 61092556 83908866 15427134 21588888 145608299 34741589 58045402 121322181 156919418 17153922 18836969 113056415 182962384 203158900
1346893941 287350831 490238779 412044682 565931493 104049825 145608299 982069346 234317997 391492846 818269228 1058358203 115696278 127047722 762519899 1234007595 1370224975
321363775 68560811 116969105 98312291 135029096 24825890 34741589 234317997 55907384 93408701 195235917 252520237 27604692 30313108 181934349 294429503 326930450
536926818 114549754 195429151 164257806 225603351 41478500 58045402 391492846 93408701 156065006 326195449 421904708 46121252 50646408 303971509 491925695 546227500
1122244462 239423358 408471471 343319426 471539336 86695270 121322181 818269228 195235917 326195449 681789466 881833817 96399207 105857338 635338616 1028186500 1141684075
1451523085 309672750 528321392 444053048 609894047 112132595 156919418 1058358203 252520237 421904708 881833817 1140573352 124683774 136917035 821753815 1329867457 1476666450
158675795 33852419 57754377 48542437 66671635 12257971 17153922 115696278 27604692 46121252 96399207 124683774 13630028 14967329 89831459 145376786 161424375
174244169 37173826 63420904 53305147 73213071 13460652 18836969 127047722 30313108 50646408 105857338 136917035 14967329 16435848 98645216 159640309 177262400
1045785125 223111264 380641996 319928821 439412997 80788654 113056415 762519899 181934349 303971509 635338616 821753815 89831459 98645216 592052532 958135343 1063900250
1692423621 361067278 616003729 517749860 711114510 130742573 182962384 1234007595 294429503 491925695 1028186500 1329867457 145376786 159640309 958135343 1550577618 1721739950
1879243804 400924125 684002025 574902300 789611725 145174750 203158900 1370224975 326930450 546227500 1141684075 1476666450 161424375 177262400 1063900250 1721739950 1911796250
