# generation = 4
# prime = 5
# roots = 0
# n4 = 1322
# parent = (2, 1311)
11939732 5641883 19757300 9636450 21026759 1067808 4150675 25995621 17037558 25338897 12841330 7909568 6428422 7055838 20301982 26851664 29746798
5641883 2665970 9335976 4553534 9935835 504571 1961324 12283793 8050817 11973462 6067959 3737530 3037637 3334106 9593363 12688312 14056350
19757300 9335976 32693808 15946081 34794465 1766959 6868376 43016813 28193305 41930051 21249494 13088518 10637535 11675722 33595177 44433444 49224175
9636450 4553534 15946081 7777550 16970658 861820 3349987 20981022 13751000 20450969 10364224 6383797 5188355 5694724 16385712 21671964 24008600
21026759 9935835 34794465 16970658 37030098 1880491 7309687 45780750 30004793 44624161 22614827 13929490 11321025 12425917 35753752 47288402 52386950
1067808 504571 1766959 861820 1880491 95500 371209 2324869 1523723 2266137 1148437 707378 574913 631025 1815670 2401429 2660350
4150675 1961324 6868376 3349987 7309687 371209 1442928 9037047 5922894 8808744 4464126 2749661 2234755 2452864 7057730 9334646 10341100
25995621 12283793 43016813 20981022 45780750 2324869 9037047 56599306 37095295 55169390 27958999 17221193 13996324 15362313 44202800 58463234 64766625
17037558 8050817 28193305 13751000 30004793 1523723 5922894 37095295 24312336 36158122 18324382 11286803 9173212 10068481 28970605 38316929 42448175
25338897 11973462 41930051 20450969 44624161 2266137 8808744 55169390 36158122 53775610 27252642 16786123 13642725 14974208 43086068 56986222 63130375
12841330 6067959 21249494 10364224 22614827 1148437 4464126 27958999 18324382 27252642 13811232 8506945 6913923 7588691 21835358 28879747 31993500
7909568 3737530 13088518 6383797 13929490 707378 2749661 17221193 11286803 16786123 8506945 5239812 4258593 4674216 13449371 17788322 19706225
6428422 3037637 10637535 5188355 11321025 574913 2234755 13996324 9173212 13642725 6913923 4258593 3461128 3798922 10930815 14457242 16016000
7055838 3334106 11675722 5694724 12425917 631025 2452864 15362313 10068481 14974208 7588691 4674216 3798922 4169692 11997616 15868207 17579100
20301982 9593363 33595177 16385712 35753752 1815670 7057730 44202800 28970605 43086068 21835358 13449371 10930815 11997616 34521414 45658497 50581300
26851664 12688312 44433444 21671964 47288402 2401429 9334646 58463234 38316929 56986222 28879747 17788322 14457242 15868207 45658497 60388568 66899525
29746798 14056350 49224175 24008600 52386950 2660350 10341100 64766625 42448175 63130375 31993500 19706225 16016000 17579100 50581300 66899525 74112500
