# generation = 3
# prime = 11
# roots = 0
# n4 = 1322
# parent = (1, 1318)
358324 306383 438537 393577 441161 98597 197219 791251 603330 153637 870072 830414 666025 708878 761165 361337 930258
306383 262046 375237 336777 377489 84379 168737 677067 516253 131454 744492 710528 569900 606556 651275 309187 796015
438537 375237 537690 482594 540927 120937 241756 970242 739773 188348 1066818 1018086 816638 869140 933182 443060 1140700
393577 336777 482594 433150 485503 108549 216982 870833 663974 169049 957509 913766 732968 780088 837561 397662 1023825
441161 377489 540927 485503 544188 121668 243210 976091 744229 189482 1073246 1024217 821562 874377 938799 445729 1147575
98597 84379 120937 108549 121668 27206 54373 218235 166393 42362 239952 228985 183684 195490 209888 99655 256575
197219 168737 241756 216982 243210 54373 108702 436235 332615 84686 479661 457756 367175 390783 419582 199207 512875
791251 677067 970242 870833 976091 218235 436235 1750790 1334903 339865 1925049 1837099 1473611 1568342 1683890 799492 2058375
603330 516253 739773 663974 744229 166393 332615 1334903 1017812 259134 1467772 1400719 1123566 1195799 1283906 609581 1569425
153637 131454 188348 169049 189482 42362 84686 339865 259134 65980 373697 356630 286062 304454 326887 155198 399575
870072 744492 1066818 957509 1073246 239952 479661 1925049 1467772 373697 2116662 2019967 1620285 1724449 1851507 879069 2263250
830414 710528 1018086 913766 1024217 228985 457756 1837099 1400719 356630 2019967 1927704 1546264 1645675 1766939 838909 2159850
666025 569900 816638 732968 821562 183684 367175 1473611 1123566 286062 1620285 1546264 1240320 1320054 1417309 672918 1732500
708878 606556 869140 780088 874377 195490 390783 1568342 1195799 304454 1724449 1645675 1320054 1404920 1508432 716178 1843875
761165 651275 933182 837561 938799 209888 419582 1683890 1283906 326887 1851507 1766939 1417309 1508432 1619586 768947 1979725
361337 309187 443060 397662 445729 99655 199207 799492 609581 155198 879069 838909 672918 716178 768947 365088 939950
930258 796015 1140700 1023825 1147575 256575 512875 2058375 1569425 399575 2263250 2159850 1732500 1843875 1979725 939950 2420000
