# generation = 11
# prime = 7
# roots = 0
# n4 = 1322
# parent = (2, 1314)
48109864723012828 62996006774381140 6627027142699414 58251754408722313 68197841751656147 15620501279730859 57574885894398980 79147052654713087 65952671827025535 4411827016542027 41275453579900617 39516015133680804 47060671186841823 22037431486783701 66957809310803862 84474547241078344 6157767220804222
62996006774381140 82488215096136942 8677560188104456 76275997375568837 89299600523102313 20453792794941560 75389692378471615 103636713466452196 86359730693994103 5776933404856184 54046893881439835 51743050440696262 61622172042299128 28856247907247374 87675877561208273 110612640066649153 8063101981064375
6627027142699414 8677560188104456 912858288064742 8024049948987112 9394101416908867 2151689400070859 7930812812647513 10902330929992321 9084834240287981 607719384701032 5685602168621195 5443243425645339 6482503060535004 3035607301311679 9223289698965632 11636181491196220 848218774790625
58251754408722313 76275997375568837 8024049948987112 70531624049049196 82574414868852766 18913410160822665 69712067006218807 95831794580192950 79855947714384249 5341870432207683 49976602488655957 47846262342065518 56981383673986580 26683073298128123 81072975078504920 102282361590627834 7455866814790625
68197841751656147 89299600523102313 9394101416908867 82574414868852766 96673429583751918 22142745162346746 81614924084742850 112194415908933083 93490802816724247 6253958152700704 58509764425162812 56015683316892851 66710563931222498 31239024965076537 94915629252051374 119746372972739975 8728904911409375
15620501279730859 20453792794941560 2151689400070859 18913410160822665 22142745162346746 5071726175803744 18693641812791116 25697778291372324 21413774505646270 1432449456148278 13401477621655336 12830216183714925 15279844970078195 7155200471320974 21740126521850420 27427530317972232 1999328231468750
57574885894398980 75389692378471615 7930812812647513 69712067006218807 81614924084742850 18693641812791116 68902032978851474 94718256883674649 78928044731238609 5279799444992671 49395888842847533 47290302631733600 56319276499653529 26373023714828687 80130930589885269 101093870173775864 7369231801903125
79147052654713087 103636713466452196 10902330929992321 95831794580192950 112194415908933083 25697778291372324 94718256883674649 130207307378513466 108500816201958207 7258035481748315 67903547778486191 65009040214446247 77420991346281878 36254472139989202 110154399511989112 138971736398889891 10130336663103125
65952671827025535 86359730693994103 9084834240287981 79855947714384249 93490802816724247 21413774505646270 78928044731238609 108500816201958207 90412952648414716 6048068957475550 56583539782116725 54171567370398613 64514357307280575 30210591842782432 91790871771453848 115804152100692076 8441536949628125
4411827016542027 5776933404856184 607719384701032 5341870432207683 6253958152700704 1432449456148278 5279799444992671 7258035481748315 6048068957475550 404578514946032 3785089861970187 3623743782207420 4315612645225235 2020902286222388 6140243249209793 7746583613860686 564686763156250
41275453579900617 54046893881439835 5685602168621195 49976602488655957 58509764425162812 13401477621655336 49395888842847533 67903547778486191 56583539782116725 3785089861970187 35411928053325518 33902432644603105 40375306814827370 18906828892368280 57445889027785292 72474226926363934 5283004567596875
39516015133680804 51743050440696262 5443243425645339 47846262342065518 56015683316892851 12830216183714925 47290302631733600 65009040214446247 54171567370398613 3623743782207420 33902432644603105 32457282119489512 38654238699841810 18100892221437721 54997157470248002 69384886164366640 5057807251962500
47060671186841823 61622172042299128 6482503060535004 56981383673986580 66710563931222498 15279844970078195 56319276499653529 77420991346281878 64514357307280575 4315612645225235 40375306814827370 38654238699841810 46034358760038184 21556832948358049 65497574468542461 82632302424001316 6023476891731250
22037431486783701 28856247907247374 3035607301311679 26683073298128123 31239024965076537 7155200471320974 26373023714828687 36254472139989202 30210591842782432 2020902286222388 18906828892368280 18100892221437721 21556832948358049 10094569779623260 30671009858112367 38694809430879098 2820655888793750
66957809310803862 87675877561208273 9223289698965632 81072975078504920 94915629252051374 21740126521850420 80130930589885269 110154399511989112 91790871771453848 6140243249209793 57445889027785292 54997157470248002 65497574468542461 30671009858112367 93189790773979612 117569040327795791 8570188374562500
84474547241078344 110612640066649153 11636181491196220 102282361590627834 119746372972739975 27427530317972232 101093870173775864 138971736398889891 115804152100692076 7746583613860686 72474226926363934 69384886164366640 82632302424001316 38694809430879098 117569040327795791 148326110926932162 10812223251681250
6157767220804222 8063101981064375 848218774790625 7455866814790625 8728904911409375 1999328231468750 7369231801903125 10130336663103125 8441536949628125 564686763156250 5283004567596875 5057807251962500 6023476891731250 2820655888793750 8570188374562500 10812223251681250 788156386718750
