# seed = 2000
# step = 9747
# prime = 7
# roots = 0
# n4 = 1322
1452010 412536 218664 973505 927124 1076179 478886 296612 986394 289858 625120 336302 617037 919805 825771 694299 1104552
412536 117218 62125 276605 263427 305788 136059 84278 280265 82354 177611 95532 175318 261335 234608 197276 313845
218664 62125 32940 146619 139636 162087 72129 44663 148559 43653 94136 50646 92926 138519 124369 104563 166355
973505 276605 146619 652756 621661 721631 321092 198870 661392 194340 419121 225443 413722 616701 553654 465541 740635
927124 263427 139636 621661 592050 687258 305797 189395 629886 185081 399153 214701 394013 587320 527278 443364 705355
1076179 305788 162087 721631 687258 797792 354964 219850 731178 214836 463330 249199 457371 681750 612048 514666 818790
478886 136059 72129 321092 305797 354964 157956 97821 325341 95600 206168 110915 203511 303363 272362 228995 364315
296612 84278 44663 198870 189395 219850 97821 60598 201503 59210 127703 68687 126051 187897 168677 141838 225645
986394 280265 148559 661392 629886 731178 325341 201503 670146 196911 424670 228428 419197 624864 560983 471703 750435
289858 82354 43653 194340 185081 214836 95600 59210 196911 57866 124790 67136 123177 183618 164847 138600 220500
625120 177611 94136 419121 399153 463330 206168 127703 424670 124790 269134 144776 265652 395998 355506 298919 475545
336302 95532 50646 225443 214701 249199 110915 68687 228428 67136 144776 77924 142896 213029 191267 160776 255780
617037 175318 92926 413722 394013 457371 203511 126051 419197 123177 265652 142896 262226 390881 350916 295066 469420
919805 261335 138519 616701 587320 681750 303363 187897 624864 183618 395998 213029 390881 582674 523102 439828 699720
825771 234608 124369 553654 527278 612048 272362 168677 560983 164847 355506 191267 350916 523102 469644 394855 628180
694299 197276 104563 465541 443364 514666 228995 141838 471703 138600 298919 160776 295066 439828 394855 332028 528220
1104552 313845 166355 740635 705355 818790 364315 225645 750435 220500 475545 255780 469420 699720 628180 528220 840350
