# seed = 1003
# step = 8002
# prime = 5
# roots = 0
# n4 = 1322
11858 1853 2192 1518 -205 -633 727 3187 -493 2567 3595 1822 149 1637 340 -1016 4138
1853 378 363 236 -41 -35 169 543 11 446 544 274 31 314 109 -65 627
2192 363 420 289 -21 -86 173 604 -58 503 668 361 40 306 90 -145 759
1518 236 289 204 -7 -65 118 412 -52 346 468 261 31 199 57 -110 528
-205 -41 -21 -7 50 44 43 -48 31 -8 -40 35 26 -56 24 60 -77
-633 -35 -86 -65 44 118 57 -126 120 -69 -186 -47 24 -65 56 170 -242
727 169 173 118 43 57 166 241 70 242 240 196 54 105 107 70 231
3187 543 604 412 -48 -126 241 884 -78 723 964 502 52 463 131 -210 1100
-493 11 -58 -52 31 120 70 -78 134 -34 -151 -40 22 -26 70 175 -198
2567 446 503 346 -8 -69 242 723 -34 618 789 450 62 363 134 -125 880
3595 544 668 468 -40 -186 240 964 -151 789 1108 588 58 473 111 -300 1254
1822 274 361 261 35 -47 196 502 -40 450 588 380 65 211 99 -90 627
149 31 40 31 26 24 54 52 22 62 58 65 24 12 33 30 44
1637 314 306 199 -56 -65 105 463 -26 363 473 211 12 278 65 -105 561
340 109 90 57 24 56 107 131 70 134 111 99 33 65 78 75 99
-1016 -65 -145 -110 60 170 70 -210 175 -125 -300 -90 30 -105 75 250 -385
4138 627 759 528 -77 -242 231 1100 -198 880 1254 627 44 561 99 -385 1452
