# generation = 5
# prime = 13
# roots = 0
# n4 = 1322
# parent = (2, 1315)
3178276872 10108263993 7856200034 7610331031 2327904831 3702651436 9147323487 5438346265 1311753177 177328255 6219309679 2876978821 4612674979 7455859114 7295526959 6912226169 11911016925
10108263993 32148682946 24986143444 24204167829 7403747014 11776041539 29092475787 17296307571 4171943414 563970330 19780113421 9150046555 14670312741 23712877562 23202949907 21983884077 37882231673
7856200034 24986143444 19419376362 18811620188 5754235132 9152407972 22610841671 13442790884 3242458600 438320632 15373219303 7111469437 11401852372 18429786426 18033467611 17086002518 29442291398
7610331031 24204167829 18811620188 18222884776 5574148631 8865970949 21903204322 13022080436 3140981535 424603196 14892093371 6888906225 11045015904 17853001106 17469085684 16551272911 28520854219
2327904831 7403747014 5754235132 5574148631 1705061306 2711987826 6699911479 3983288833 960786398 129881081 4555301932 2107228753 3378529959 5461005998 5343571206 5062824038 8724166165
3702651436 11776041539 9152407972 8865970949 2711987826 4313556452 10656554904 6335626295 1528180234 206582225 7245442694 3351656047 5373726091 8686011681 8499225535 8052682616 13876236621
9147323487 29092475787 22610841671 21903204322 6699911479 10656554904 26326806454 15652038143 3775338545 510356455 17899721576 8280199481 13275682860 21458618386 20997166840 19893991246 34280966395
5438346265 17296307571 13442790884 13022080436 3983288833 6335626295 15652038143 9305583718 2244546668 303421819 10641895634 4922815005 7892772653 12757761467 12483415387 11827546083 20381013159
1311753177 4171943414 3242458600 3140981535 960786398 1528180234 3775338545 2244546668 541394324 73186846 2566870784 1187404037 1903770601 3077226713 3011053296 2852854854 4915987427
177328255 563970330 438320632 424603196 129881081 206582225 510356455 303421819 73186846 9894380 346993977 160515227 257355168 415984889 407039577 385654239 664550757
6219309679 19780113421 15373219303 14892093371 4555301932 7245442694 17899721576 10641895634 2566870784 346993977 12170106318 5629747218 9026200320 14589817306 14276074219 13526019897 23307792846
2876978821 9150046555 7111469437 6888906225 2107228753 3351656047 8280199481 4922815005 1187404037 160515227 5629747218 2604254498 4175413471 6749076885 6603943043 6256976741 10781909320
4612674979 14670312741 11401852372 11045015904 3378529959 5373726091 13275682860 7892772653 1903770601 257355168 9026200320 4175413471 6694460244 10820826920 10588133174 10031840588 17286685858
7455859114 23712877562 18429786426 17853001106 5461005998 8686011681 21458618386 12757761467 3077226713 415984889 14589817306 6749076885 10820826920 17490625290 17114502518 16215319315 27941944719
7295526959 23202949907 18033467611 17469085684 5343571206 8499225535 20997166840 12483415387 3011053296 407039577 14276074219 6603943043 10588133174 17114502518 16746468014 15866621088 27341074007
6912226169 21983884077 17086002518 16551272911 5062824038 8052682616 19893991246 11827546083 2852854854 385654239 13526019897 6256976741 10031840588 16215319315 15866621088 15033000748 25904594118
11911016925 37882231673 29442291398 28520854219 8724166165 13876236621 34280966395 20381013159 4915987427 664550757 23307792846 10781909320 17286685858 27941944719 27341074007 25904594118 44638329632
