# generation = 3
# prime = 11
# roots = 0
# n4 = 1322
# parent = (1, 1312)
2691064 470039 469796 2768449 1989571 1588203 2025550 1075537 2499359 987406 929715 2156963 444274 905075 797820 3320282 3572556
470039 82122 82059 483617 347551 277447 353830 187885 436604 172484 162399 376771 77607 158098 139346 580011 624085
469796 82059 82018 483317 347340 277270 353621 187767 436340 172381 162308 376560 77558 158005 139281 579658 623700
2768449 483617 483317 2848290 2046937 1634029 2083932 1106557 2571425 1015862 956490 2219083 457065 931134 820746 3416035 3675595
1989571 347551 347340 2046937 1471044 1174302 1497630 795233 1847968 730055 687389 1594760 328473 669165 589836 2454952 2641485
1588203 277447 277270 1634029 1174302 937426 1195523 634819 1475194 582785 548723 1273052 262211 534176 470843 1959738 2108645
2025550 353830 353621 2083932 1497630 1195523 1524702 809605 1881370 743251 699816 1623591 334410 681263 600507 2499322 2689225
1075537 187885 187767 1106557 795233 634819 809605 429898 998996 394660 371596 862110 177570 361744 318857 1327127 1427965
2499359 436604 436340 2571425 1847968 1475194 1881370 998996 2321478 917116 863519 2003386 412635 840626 740974 3083988 3318315
987406 172484 172381 1015862 730055 582785 743251 394660 917116 362318 341142 791459 163017 332099 292731 1218351 1310925
929715 162399 162308 956490 687389 548723 699816 371596 863519 341142 321210 745211 153491 312692 275630 1147149 1234310
2156963 376771 376560 2219083 1594760 1273052 1623591 862110 2003386 791459 745211 1728908 356102 725454 639470 2661413 2863630
444274 77607 77558 457065 328473 262211 334410 177570 412635 163017 153491 356102 73352 149425 131710 548168 589820
905075 158098 158005 931134 669165 534176 681263 361744 840626 332099 312692 725454 149425 304408 268325 1116733 1201585
797820 139346 139281 820746 589836 470843 600507 318857 740974 292731 275630 639470 131710 268325 236536 984346 1059135
3320282 580011 579658 3416035 2454952 1959738 2499322 1327127 3083988 1218351 1147149 2661413 548168 1116733 984346 4096956 4408250
3572556 624085 623700 3675595 2641485 2108645 2689225 1427965 3318315 1310925 1234310 2863630 589820 1201585 1059135 4408250 4743200
