# generation = 6
# prime = 5
# roots = 0
# n4 = 1322
# parent = (1, 1308)
64651016836 12911379280 8908295857 30803792972 16342910281 30462811767 19883844194 21783488160 17125367392 20552985579 14230975650 7819200786 30019485886 17477943344 16532011033 16212737438 30456921918
12911379280 2578516564 1779065483 6151789411 3263823469 6083692314 3970979284 4350354829 3420086990 4104612615 2842051602 1561563617 5995156175 3490499594 3301588683 3237826702 6082516000
8908295857 1779065483 1227478818 4244469386 2251897425 4197484995 2739804568 3001557030 2359712361 2832005540 1960893314 1077411970 4136398752 2408294184 2277954098 2233960544 4196673250
30803792972 6151789411 4244469386 14676857278 7786786597 14514393381 9473909056 10379019314 8159598638 9792730673 6780527792 3725556059 14303165480 8327587450 7876885212 7724764749 14511587475
16342910281 3263823469 2251897425 7786786597 4131269004 7700591613 5026369515 5506574540 4329063928 5195519900 3597399755 1976588666 7588524945 4418190156 4179070686 4098363406 7699102950
30462811767 6083692314 4197484995 14514393381 7700591613 14353728502 9369038408 10264130226 8069277158 9684331370 6705470923 3684315594 14144838996 8235406111 7789692309 7639256764 14350953925
19883844194 3970979284 2739804568 9473909056 5026369515 9369038408 6115406884 6699655204 5267019519 6321206004 4376829816 2404846143 9232690748 5375456385 5084528365 4986334260 9367227100
21783488160 4350354829 3001557030 10379019314 5506574540 10264130226 6699655204 7339721492 5770215848 6925116264 4794979144 2634597512 10114756519 5889012159 5570289172 5462714859 10262146125
17125367392 3420086990 2359712361 8159598638 4329063928 8069277158 5267019519 5770215848 4536328934 5444268646 3769634077 2071222436 7951845123 4629722147 4379153961 4294583112 8067717350
20552985579 4104612615 2832005540 9792730673 5195519900 9684331370 6321206004 6925116264 5444268646 6533931212 4524121054 2485774793 9543395446 5556354436 5255635476 5154137719 9682459325
14230975650 2842051602 1960893314 6780527792 3597399755 6705470923 4376829816 4794979144 3769634077 4524121054 3132521026 1721161843 6607886031 3847243120 3639024704 3568746037 6704174400
7819200786 1561563617 1077411970 3725556059 1976588666 3684315594 2404846143 2634597512 2071222436 2485774793 1721161843 945691796 3630697458 2113864934 1999459938 1960844529 3683603000
30019485886 5995156175 4136398752 14303165480 7588524945 14144838996 9232690748 10114756519 7951845123 9543395446 6607886031 3630697458 13938989552 8115556285 7676328737 7528082870 14142104900
17477943344 3490499594 2408294184 8327587450 4418190156 8235406111 5375456385 5889012159 4629722147 5556354436 3847243120 2113864934 8115556285 4725038302 4469311735 4382999215 8233814050
16532011033 3301588683 2277954098 7876885212 4179070686 7789692309 5084528365 5570289172 4379153961 5255635476 3639024704 1999459938 7676328737 4469311735 4227426000 4145783936 7788186175
16212737438 3237826702 2233960544 7724764749 4098363406 7639256764 4986334260 5462714859 4294583112 5154137719 3568746037 1960844529 7528082870 4382999215 4145783936 4065720228 7637780150
30456921918 6082516000 4196673250 14511587475 7699102950 14350953925 9367227100 10262146125 8067717350 9682459325 6704174400 3683603000 14142104900 8233814050 7788186175 7637780150 14348180000
