# generation = 11
# prime = 5
# roots = 0
# n4 = 1322
# parent = (2, 1306)
85313008191925850 96051050919188360 48931208771663497 9594244995251630 34440664287278396 54408231105293849 3503835648119214 50452989108137020 47312766194772824 70520483685749522 36274235820458357 6259486145895248 12878980168776101 46136931441096994 37379467070603036 69773675093190105 90199994819707242
96051050919188360 108140652618010654 55090004735166787 10801838243670128 38775587325511176 61256400249782521 3944850889477955 56803326111170755 53267854588813914 79396644344171763 40839943939232139 7047345243936987 14500011266692169 51944021726845285 42084286687600586 78555837629333621 101553145047325125
48931208771663497 55090004735166787 28064456319133092 5502771673611902 19753415923213287 31205798172312514 2009622181109983 28937272234627166 27136199851647596 40446967971675632 20805059434434475 3590123357496514 7386728949784414 26461800753169474 21438963948973807 40018636490586725 51734136109665625
9594244995251630 10801838243670128 5502771673611902 1078962505012496 3873174536619353 6118714016133686 394039060907625 5673910093021936 5320762681987722 7930687382897417 4079376789692771 703937710096883 1448361670124750 5188529076119342 4203670371820844 7846701777965335 10143832308946875
34440664287278396 38775587325511176 19753415923213287 3873174536619353 13903616595965806 21964477184376801 1414490355365159 20367755128901035 19100054394411717 28468956322973418 14643825187355410 2526940094254506 5199214536632766 18625372621175432 15090004489348913 28167471419694290 36413529497296875
54408231105293849 61256400249782521 31205798172312514 6118714016133686 21964477184376801 34698760186108042 2234565440113877 32176311086967543 30173639072307159 44974322853551972 23133834423555417 3991977027232185 8213548487785949 29423752385909796 23838693841328834 44498046898026150 57524898815037500
3503835648119214 3944850889477955 2009622181109983 394039060907625 1414490355365159 2234565440113877 143903778675978 2072122241822283 1943152167737772 2896301395267381 1489795791634399 257079326608185 528944305014551 1894860215390266 1535188032932019 2865629700242345 3704545930421875
50452989108137020 56803326111170755 28937272234627166 5673910093021936 20367755128901035 32176311086967543 2072122241822283 29837233077273186 27980146616452744 41704884995890073 21452105177657946 3701777642524472 7616459200657612 27284773433892843 22105724378379030 41263232232908160 53343088617328125
47312766194772824 53267854588813914 27136199851647596 5320762681987722 19100054394411717 30173639072307159 1943152167737772 27980146616452744 26238646279654968 39109149088496782 20116913875624338 3471376883744468 7142406421557727 25586553521898703 20729851443264790 38694985046214725 50022984256678125
70520483685749522 79396644344171763 40446967971675632 7930687382897417 28468956322973418 44974322853551972 2896301395267381 41704884995890073 39109149088496782 58292852692337216 29984602695462979 5174146358076090 10645878396856491 38137193728803054 30898196577529137 57675534134662120 74560109858368750
36274235820458357 40839943939232139 20805059434434475 4079376789692771 14643825187355410 23133834423555417 1489795791634399 21452105177657946 20116913875624338 29984602695462979 15423441421712288 2661470757897630 5476013256011336 19616960726102589 15893374669332549 29667067168661465 38352133542559375
6259486145895248 7047345243936987 3590123357496514 703937710096883 2526940094254506 3991977027232185 257079326608185 3701777642524472 3471376883744468 5174146358076090 2661470757897630 459263688399262 944941453223120 3385104912957361 2742562491091822 5119352392444900 6618048406681250
12878980168776101 14500011266692169 7386728949784414 1448361670124750 5199214536632766 8213548487785949 528944305014551 7616459200657612 7142406421557727 10645878396856491 5476013256011336 944941453223120 1944230237604344 6964900636739055 5642860629632277 10533139047286190 13616727028231250
46136931441096994 51944021726845285 26461800753169474 5188529076119342 18625372621175432 29423752385909796 1894860215390266 27284773433892843 25586553521898703 38137193728803054 19616960726102589 3385104912957361 6964900636739055 24950666819904118 20214665337570113 37733322647888600 48779794139037500
37379467070603036 42084286687600586 21438963948973807 4203670371820844 15090004489348913 23838693841328834 1535188032932019 22105724378379030 20729851443264790 30898196577529137 15893374669332549 2742562491091822 5642860629632277 20214665337570113 16377626203720416 30570986134652495 39520675774868750
69773675093190105 78555837629333621 40018636490586725 7846701777965335 28167471419694290 44498046898026150 2865629700242345 41263232232908160 38694985046214725 57675534134662120 29667067168661465 5119352392444900 10533139047286190 37733322647888600 30570986134652495 57064752951365700 73770521815375000
90199994819707242 101553145047325125 51734136109665625 10143832308946875 36413529497296875 57524898815037500 3704545930421875 53343088617328125 50022984256678125 74560109858368750 38352133542559375 6618048406681250 13616727028231250 48779794139037500 39520675774868750 73770521815375000 95366922792968750
