# generation = 4
# prime = 11
# roots = 0
# n4 = 1322
# parent = (1, 1307)
85773898 5563211 35854733 3657524 16751870 90069066 99185022 6656858 87367673 95782930 32825927 25406143 47308622 78458029 103389379 37917614 110936858
5563211 360832 2325509 237217 1086506 5841799 6433053 431764 5666594 6212389 2129060 1647810 3068391 5088721 6705731 2459304 7195265
35854733 2325509 14987820 1528885 7002524 37650208 41460811 2782673 36520995 40038669 13721718 10620122 19775694 32796619 43218269 15850127 46373250
3657524 237217 1528885 155976 714326 3840663 4229375 283849 3725463 4084322 1399740 1083366 2017311 3345553 4408679 1616854 4730495
16751870 1086506 7002524 714326 3271688 17590726 19371096 1300099 17063135 18706660 6410989 4961890 9239499 15323057 20192221 7405409 21666260
90069066 5841799 37650208 3840663 17590726 94579384 104151817 6990218 91742725 100579342 34469707 26678347 49677641 82386904 108566686 39816383 116492145
99185022 6433053 41460811 4229375 19371096 104151817 114693094 7697702 101028060 110759041 37958413 29378484 54705542 90725329 119554786 43846224 128282385
6656858 431764 2782673 283849 1300099 6990218 7697702 516644 6780571 7433656 2547603 1971744 3671594 6089093 8023983 2942770 8609755
87367673 5666594 36520995 3725463 17063135 91742725 101028060 6780571 88991152 97562722 33435879 25878189 48187685 79915928 105310501 38622198 112998270
95782930 6212389 40038669 4084322 18706660 100579342 110759041 7433656 97562722 106959952 36656416 28370802 52829119 87613394 115454006 42342267 123882220
32825927 2129060 13721718 1399740 6410989 34469707 37958413 2547603 33435879 36656416 12562584 9723003 18105151 30026128 39567425 14511188 42455875
25406143 1647810 10620122 1083366 4961890 26678347 29378484 1971744 25878189 28370802 9723003 7525288 14012764 23239170 30623830 11231149 32859365
47308622 3068391 19775694 2017311 9239499 49677641 54705542 3671594 48187685 52829119 18105151 14012764 26093096 43273567 57024462 20913478 61187280
78458029 5088721 32796619 3345553 15323057 82386904 90725329 6089093 79915928 87613394 30026128 23239170 43273567 71766196 94571067 34683548 101474835
103389379 6705731 43218269 4408679 20192221 108566686 119554786 8023983 105310501 115454006 39567425 30623830 57024462 94571067 124622610 45704808 133720125
37917614 2459304 15850127 1616854 7405409 39816383 43846224 2942770 38622198 42342267 14511188 11231149 20913478 34683548 45704808 16762052 49041300
110936858 7195265 46373250 4730495 21666260 116492145 128282385 8609755 112998270 123882220 42455875 32859365 61187280 101474835 133720125 49041300 143481800
