# generation = 5
# prime = 13
# roots = 0
# n4 = 1323
# parent = (2, 1316)
157811303158 33777070813 11423983039 51920358130 122125648128 78407824387 136968202391 89106238850 20771752850 142505613604 88583270523 82116356291 138111120351 50021885396 52386935590 83955418315 146214847633
33777070813 7229460082 2445127032 11112750363 26139107842 16781983227 29315927222 19071813521 4445872718 30501124532 18959880218 17575737140 29560551158 10706411600 11212614032 17969359973 31295028765
11423983039 2445127032 826983786 3758522224 8840693309 5675953731 9915147958 6450413500 1503670191 10316001954 6412555750 5944414898 9997883950 3621091510 3792297840 6077544860 10584513940
51920358130 11112750363 3758522224 17081942406 40179678312 25796392571 45062919990 29316200715 6833964525 46884743704 29144142667 27016509862 45438943186 16457339578 17235447666 27621566413 48105092035
122125648128 26139107842 8840693309 40179678312 94509541778 60677569949 105995769461 68956766520 16074664679 110281013434 68552056282 63547496515 106880240948 38710504602 40540749195 64970694008 113151483445
78407824387 16781983227 5675953731 25796392571 60677569949 38956569106 68052025167 44272027411 10320350432 70803262621 44012192966 40799136165 68619878738 24853145050 26028209405 41712865772 72646178605
136968202391 29315927222 9915147958 45062919990 105995769461 68052025167 118877977110 77337434817 18028300844 123684028683 76883538079 71270748588 119869942933 43415190093 45467873673 72866914540 126903361585
89106238850 19071813521 6450413500 29316200715 68956766520 44272027411 77337434817 50312757418 11728518394 80464066928 50017469671 46366004927 77982769593 28244251082 29579647979 47404409049 82558440965
20771752850 4445872718 1503670191 6833964525 16074664679 10320350432 18028300844 11728518394 2734060922 18757156982 11659683216 10808482181 18178736260 6584079974 6895377310 11050546862 19245381155
142505613604 30501124532 10316001954 46884743704 110281013434 70803262621 123684028683 80464066928 18757156982 128684381446 79991819849 74152114012 124716098144 45170398649 47306069025 75812810473 132033866965
88583270523 18959880218 6412555750 29144142667 68552056282 44012192966 76883538079 50017469671 11659683216 79991819849 49723914990 46093880859 77525085353 28078484359 29406043763 47126190527 82073901910
82116356291 17575737140 5944414898 27016509862 63547496515 40799136165 71270748588 46366004927 10808482181 74152114012 46093880859 42728852984 71865460476 26028648655 27259291205 43685800115 76082196190
138111120351 29560551158 9997883950 45438943186 106880240948 68619878738 119869942933 77982769593 18178736260 124716098144 77525085353 71865460476 120870186128 43777463964 45847275955 73474945486 127962294460
50021885396 10706411600 3621091510 16457339578 38710504602 24853145050 43415190093 28244251082 6584079974 45170398649 28078484359 26028648655 43777463964 15855575420 16605231917 26611581243 46346124825
52386935590 11212614032 3792297840 17235447666 40540749195 26028209405 45467873673 29579647979 6895377310 47306069025 29406043763 27259291205 45847275955 16605231917 17390332420 27869785012 48537383895
83955418315 17969359973 6077544860 27621566413 64970694008 41712865772 72866914540 47404409049 11050546862 75812810473 47126190527 43685800115 73474945486 26611581243 27869785012 44664178884 77786118410
146214847633 31295028765 10584513940 48105092035 113151483445 72646178605 126903361585 82558440965 19245381155 132033866965 82073901910 76082196190 127962294460 46346124825 48537383895 77786118410 135470535200
