# seed = 2000
# step = 7395
# prime = 5
# roots = 0
# n4 = 1323
1013636 570664 608326 18587 420531 247485 626111 579277 390952 377780 318888 476873 67298 67906 264315 41439 659161
570664 321338 342538 10454 236793 139375 352539 326186 220130 212710 179537 268464 37879 38189 148775 23333 371175
608326 342538 365160 11147 252429 148580 375820 347704 234663 226749 191375 286190 40375 40701 158608 24868 395675
18587 10454 11147 344 7706 4532 11475 10611 7164 6924 5844 8747 1235 1251 4853 758 12075
420531 236793 252429 7706 174502 102711 259799 240365 162219 156749 132297 197841 27912 28138 109643 17191 273525
247485 139375 148580 4532 102711 60466 152913 141477 95479 92256 77857 116427 16423 16542 64516 10118 161000
626111 352539 375820 11475 259799 152913 386796 357857 241516 233372 196970 294559 41558 41901 163251 25594 407225
579277 326186 347704 10611 240365 141477 357857 331110 223452 215918 182249 272515 38452 38767 151020 23687 376775
390952 220130 234663 7164 162219 95479 241516 223452 150806 145719 122993 183924 25950 26166 101934 15984 254275
377780 212710 226749 6924 156749 92256 233372 215918 145719 140810 118850 177728 25077 25290 98499 15444 245700
318888 179537 191375 5844 132297 77857 196970 182249 122993 118850 100330 150020 21173 21364 83145 13040 207375
476873 268464 286190 8747 197841 116427 294559 272515 183924 177728 150020 224356 31660 31949 124359 19492 310100
67298 37879 40375 1235 27912 16423 41558 38452 25950 25077 21173 31660 4472 4517 17550 2752 43750
67906 38189 40701 1251 28138 16542 41901 38767 26166 25290 21364 31949 4517 4586 17722 2776 44100
264315 148775 158608 4853 109643 64516 163251 151020 101934 98499 83145 124359 17550 17722 68946 10801 171850
41439 23333 24868 758 17191 10118 25594 23687 15984 15444 13040 19492 2752 2776 10801 1698 26950
659161 371175 395675 12075 273525 161000 407225 376775 254275 245700 207375 310100 43750 44100 171850 26950 428750
