# generation = 4
# prime = 5
# roots = 0
# n4 = 1323
# parent = (2, 1304)
1353749544 515227382 517983807 334999198 28826996 759661461 560434171 168076838 711676630 562079365 392819116 90860981 658330470 155543105 286278377 174578242 938987691
515227382 196091870 197140933 127498302 10971344 289121735 213297235 63968845 270859040 213923392 149504145 34581021 250555874 59198584 108955486 66443230 357372015
517983807 197140933 198195630 128180399 11030044 290668506 214438367 64311078 272308118 215067861 150303989 34766035 251896327 59515290 109538396 66798707 359283925
334999198 127498302 128180399 82898990 7133534 187986019 138685176 41592333 176111675 139092302 97207111 22484476 162910622 38490735 70842515 43201170 232362130
28826996 10971344 11030044 7133534 613850 16176369 11933990 3579059 15154573 11969021 8364763 1934814 14018610 3312165 6096067 3717502 19994975
759661461 289121735 290668506 187986019 16176369 426286822 314489678 94316939 399359944 315412888 220431882 50986941 369424551 87283560 160646126 97965225 526916390
560434171 213297235 214438367 138685176 11933990 314489678 232012248 69581567 294624601 232693330 162621861 37615222 272540002 64392753 118515407 72273064 388728340
168076838 63968845 64311078 41592333 3579059 94316939 69581567 20867846 88359308 69785824 48771067 11280976 81736033 19311684 35543321 21675039 116581465
711676630 270859040 272308118 176111675 15154573 399359944 294624601 88359308 374133942 295489489 206508068 47766307 346089447 81770204 150498751 91777149 493633140
562079365 213923392 215067861 139092302 11969021 315412888 232693330 69785824 295489489 233376422 163099243 37725640 273340062 64581784 118863313 72485219 389869480
392819116 149504145 150303989 97207111 8364763 220431882 162621861 48771067 206508068 163099243 113984806 26365234 191028547 45134120 83069732 50657590 272467195
90860981 34581021 34766035 22484476 1934814 50986941 37615222 11280976 47766307 37725640 26365234 6098430 44185819 10439755 19214453 11717339 63022960
658330470 250555874 251896327 162910622 14018610 369424551 272540002 81736033 346089447 273340062 191028547 44185819 320147128 75640839 139217599 84897676 456631175
155543105 59198584 59515290 38490735 3312165 87283560 64392753 19311684 81770204 64581784 45134120 10439755 75640839 17871600 32892820 20058681 107887780
286278377 108955486 109538396 70842515 6096067 160646126 118515407 35543321 150498751 118863313 83069732 19214453 139217599 32892820 60539508 36918179 198568370
174578242 66443230 66798707 43201170 3717502 97965225 72273064 21675039 91777149 72485219 50657590 11717339 84897676 20058681 36918179 22513458 121090970
938987691 357372015 359283925 232362130 19994975 526916390 388728340 116581465 493633140 389869480 272467195 63022960 456631175 107887780 198568370 121090970 651300650
