# generation = 5
# prime = 5
# roots = 0
# n4 = 1323
# parent = (1, 1307)
1233506740 359292323 161111991 554543245 122088500 562852364 286145779 520499117 287771306 258368461 441360208 241892168 316679688 283381190 560732163 75337367 133035905
359292323 104653894 46928282 161526196 35561589 163946556 83347877 151610014 83821316 75256998 128558468 70457861 92241709 82542531 163329075 21944052 38750250
161111991 46928282 21043328 72430618 15946346 73515913 37374380 67984023 37586687 33746303 57647421 31594291 41362500 37013270 73239000 9840038 17376205
554543245 161526196 72430618 249304754 54886896 253040430 128641799 233999809 129372513 116154078 198421288 108746944 142368819 127398784 252087400 33869151 59808364
122088500 35561589 15946346 54886896 12083930 55709303 28321785 51517311 28482668 25572474 43684395 23941705 31343927 28048151 55499450 7456645 13167462
562852364 163946556 73515913 253040430 55709303 256832126 130569389 237506202 131311043 117894562 201394511 110376456 144502094 129307715 255864850 34376641 60704490
286145779 83347877 37374380 128641799 28321785 130569389 66379470 120744380 66756526 59935767 102385820 56113657 73462646 65738092 130077600 17476568 30861292
520499117 151610014 67984023 233999809 51517311 237506202 120744380 219634514 121430226 109023307 186240119 102070923 133628690 119577640 236611725 31789886 56136619
287771306 83821316 37586687 129372513 28482668 131311043 66756526 121430226 67135750 60276215 102967409 56432392 73879944 66111519 130816450 17575863 31036621
258368461 75256998 33746303 116154078 25572474 117894562 59935767 109023307 60276215 54117586 92446862 50666505 66331354 59356643 117450525 15780046 27865453
441360208 128558468 57647421 198421288 43684395 201394511 102385820 186240119 102967409 92446862 157923242 86551534 113311148 101396515 200636000 26956418 47601400
241892168 70457861 31594291 108746944 23941705 110376456 56113657 102070923 56432392 50666505 86551534 47435512 62101393 55571446 109960750 14773749 26088447
316679688 92241709 41362500 142368819 31343927 144502094 73462646 133628690 73879944 66331354 113311148 62101393 81301660 72752841 143957825 19341451 34154428
283381190 82542531 37013270 127398784 28048151 129307715 65738092 119577640 66111519 59356643 101396515 55571446 72752841 65102950 128820650 17307717 30563148
560732163 163329075 73239000 252087400 55499450 255864850 130077600 236611725 130816450 117450525 200636000 109960750 143957825 128820650 254901250 34247150 60475800
75337367 21944052 9840038 33869151 7456645 34376641 17476568 31789886 17575863 15780046 26956418 14773749 19341451 17307717 34247150 4601300 8125271
133035905 38750250 17376205 59808364 13167462 60704490 30861292 56136619 31036621 27865453 47601400 26088447 34154428 30563148 60475800 8125271 14348180
