# generation = 6
# prime = 5
# roots = 0
# n4 = 1323
# parent = (1, 1315)
27104450412 25707621692 5451552376 30160865600 11874608854 34737159080 35323070920 33230063138 12668028641 15272967063 29400769357 36964188576 9673423389 32756607350 33055034735 946038576 39930010381
25707621692 24382778836 5170606470 28606524687 11262650596 32946978804 33502695605 31517551067 12015181472 14485874330 27885599990 35059238171 9174903266 31068494786 31351542668 897284447 37872216375
5451552376 5170606470 1096477626 6066293050 2388355099 6986728749 7104573936 6683604634 2547936625 3071871184 5913413930 7434654002 1945627878 6588377868 6648400946 190277936 8031173500
30160865600 28606524687 6066293050 33561935676 13213641260 38654271896 39306253637 36977229255 14096530501 16995213080 32716127651 41132430787 10764240558 36450384486 36782463800 1052717983 44432691625
11874608854 11262650596 2388355099 13213641260 5202331508 15218540638 15475231820 14558273602 5549933081 6691170944 12880638902 16194214482 4237980032 14350849996 14481592663 414464706 17493557375
34737159080 32946978804 6986728749 38654271896 15218540638 44519265826 45270172433 42587766316 16235390235 19573888514 37680129828 47373434550 12397493554 41980983639 42363449182 1212446372 51174442375
35323070920 33502695605 7104573936 39306253637 15475231820 45270172433 46033744602 43306094320 16509232625 19904041366 38315680721 48172482461 12606602125 42689077048 43077993652 1232896712 52037601875
33230063138 31517551067 6683604634 36977229255 14558273602 42587766316 43306094320 40740066268 15531006468 18724661662 36045351027 45318104942 11859619621 40159609284 40525481295 1159843539 48954203375
12668028641 12015181472 2547936625 14096530501 5549933081 16235390235 16509232625 15531006468 5920760180 7138251556 13741278092 17276255190 4521147016 15309723544 15449201982 442157788 18662415625
15272967063 14485874330 3071871184 16995213080 6691170944 19573888514 19904041366 18724661662 7138251556 8606096816 16566909789 20828787491 5450834652 18457876127 18626035641 533079099 22499985375
29400769357 27885599990 5913413930 32716127651 12880638902 37680129828 38315680721 36045351027 13741278092 16566909789 31891635190 40095835645 10492966545 35531783491 35855493947 1026188011 43312925250
36964188576 35059238171 7434654002 41132430787 16194214482 47373434550 48172482461 45318104942 17276255190 20828787491 40095835645 50410586564 13192307624 44672420922 45079406686 1290177365 54455280250
9673423389 9174903266 1945627878 10764240558 4237980032 12397493554 12606602125 11859619621 4521147016 5450834652 10492966545 13192307624 3452389520 11690645944 11797152959 337635758 14250792500
32756607350 31068494786 6588377868 36450384486 14350849996 41980983639 42689077048 40159609284 15309723544 18457876127 35531783491 44672420922 11690645944 39587422558 39948081697 1143318301 48256712875
33055034735 31351542668 6648400946 36782463800 14481592663 42363449182 43077993652 40525481295 15449201982 18626035641 35855493947 45079406686 11797152959 39948081697 40312026618 1153734446 48696353125
946038576 897284447 190277936 1052717983 414464706 1212446372 1232896712 1159843539 442157788 533079099 1026188011 1290177365 337635758 1143318301 1153734446 33020004 1393694750
39930010381 37872216375 8031173500 44432691625 17493557375 51174442375 52037601875 48954203375 18662415625 22499985375 43312925250 54455280250 14250792500 48256712875 48696353125 1393694750 58824500000
