# seed = 2003
# step = 3367
# prime = 5
# roots = 0
# n4 = 1323
32394 15525 15501 15313 2561 11771 5072 6870 9822 15567 8181 8139 8073 3913 17110 12081 21764
15525 7590 7497 7387 1168 5689 2411 3349 4778 7518 3918 3837 3870 1975 8273 5841 10535
15501 7497 7452 7352 1200 5656 2419 3312 4733 7477 3912 3866 3863 1915 8222 5805 10465
15313 7387 7352 7258 1193 5582 2392 3265 4666 7379 3865 3828 3817 1879 8113 5728 10325
2561 1168 1200 1193 228 912 409 520 748 1209 646 669 638 269 1323 934 1680
11771 5689 5656 5582 912 4298 1838 2514 3594 5674 2970 2937 2935 1452 6244 4411 7945
5072 2411 2419 2392 409 1838 798 1068 1529 2430 1281 1283 1264 598 2670 1886 3395
6870 3349 3312 3265 520 2514 1068 1480 2110 3322 1736 1702 1713 868 3657 2581 4655
9822 4778 4733 4666 748 3594 1529 2110 3014 4746 2479 2437 2448 1233 5225 3690 6650
15567 7518 7477 7379 1209 5674 2430 3322 4746 7506 3930 3888 3879 1917 8249 5823 10500
8181 3918 3912 3865 646 2970 1281 1736 2479 3930 2072 2058 2039 986 4321 3049 5495
8139 3837 3866 3828 669 2937 1283 1702 2437 3888 2058 2074 2028 939 4268 3013 5425
8073 3870 3863 3817 638 2935 1264 1713 2448 3879 2039 2028 2014 976 4265 3012 5425
3913 1975 1915 1879 269 1452 598 868 1233 1917 986 939 976 544 2113 1492 2695
17110 8273 8222 8113 1323 6244 2670 3657 5225 8249 4321 4268 4265 2113 9078 6410 11550
12081 5841 5805 5728 934 4411 1886 2581 3690 5823 3049 3013 3012 1492 6410 4530 8155
21764 10535 10465 10325 1680 7945 3395 4655 6650 10500 5495 5425 5425 2695 11550 8155 14700
