# generation = 6
# prime = 5
# roots = 0
# n4 = 1323
# parent = (0, 1323)
1823043080 3444196372 195864401 835892238 310155689 845993609 833065158 1117969150 673309078 314099367 1021759803 294069062 546720809 344507486 681683763 91587909 808661325
3444196372 6506982840 370038519 1579217870 585963407 1598302682 1573874007 2112133437 1272053896 593415647 1930367944 555573476 1032896814 650863688 1287880165 173033133 1527766933
195864401 370038519 21043328 89806823 33322551 90892118 89502995 120112638 72339097 33746303 109776036 31594291 58738705 37013270 73239000 9840038 86881025
835892238 1579217870 89806823 383269662 142210902 387901464 381972723 512606060 308722222 144019531 468492320 134835391 250679791 157961932 312563200 41994422 370782720
310155689 585963407 33322551 142210902 52767034 143929435 141730003 190200856 114550573 53437927 173832721 50030152 93013997 58611299 115975250 15581916 137578210
845993609 1598302682 90892118 387901464 143929435 392589286 386588691 518800831 312453004 145760015 474153921 136464903 253709192 159870863 316340650 42501912 375263350
833065158 1573874007 89502995 381972723 141730003 386588691 380680842 510871733 307678053 143532126 466907516 134378998 249831762 157427536 311505000 41852381 369529160
1117969150 2112133437 120112638 512606060 190200856 518800831 510871733 685587848 412902407 192619666 626587796 180336264 335273133 211267084 418039125 56165699 495905795
673309078 1272053896 72339097 308722222 114550573 312453004 307678053 412902407 248674954 116007121 377369152 108609286 201921781 127237815 251768050 33826405 298664905
314099367 593415647 33746303 144019531 53437927 145760015 143532126 192619666 116007121 54117586 176043221 50666505 94196807 59356643 117450525 15780046 139327265
1021759803 1930367944 109776036 468492320 173832721 474153921 466907516 626587796 377369152 176043221 572665262 164816875 306420372 193085959 382063400 51332231 453229700
294069062 555573476 31594291 134835391 50030152 136464903 134378998 180336264 108609286 50666505 164816875 47435512 88189840 55571446 109960750 14773749 130442235
546720809 1032896814 58738705 250679791 93013997 253709192 249831762 335273133 201921781 94196807 306420372 88189840 163958696 103315989 204433625 27466722 242513040
344507486 650863688 37013270 157961932 58611299 159870863 157427536 211267084 127237815 59356643 193085959 55571446 103315989 65102950 128820650 17307717 152815740
681683763 1287880165 73239000 312563200 115975250 316340650 311505000 418039125 251768050 117450525 382063400 109960750 204433625 128820650 254901250 34247150 302379000
91587909 173033133 9840038 41994422 15581916 42501912 41852381 56165699 33826405 15780046 51332231 14773749 27466722 17307717 34247150 4601300 40626355
808661325 1527766933 86881025 370782720 137578210 375263350 369529160 495905795 298664905 139327265 453229700 130442235 242513040 152815740 302379000 40626355 358704500
