# generation = 4
# prime = 17
# roots = 0
# n4 = 1323
# parent = (1, 1307)
49534898368 15942463948 42048083976 5934166692 29975121441 34207612383 4665001721 29522505826 28494442063 5489813382 1519866230 1850042743 45396117469 46263145481 46269991403 11635573133 47022921168
15942463948 5130971634 13532884634 1909870456 9647285253 11009483166 1501398485 9501614058 9170738847 1766858414 489158406 595423412 14610426036 14889472990 14891676283 3744828631 15134001545
42048083976 13532884634 35692843386 5037263586 25444615163 29037398065 3959923004 25060408882 24187728945 4660070812 1290150258 1570423134 38534847678 39270831144 39276642338 9876946824 39915772676
5934166692 1909870456 5037263586 710899500 3590950490 4097993157 558856456 3536728183 3413568511 657666995 182076469 221630852 5438350288 5542218245 5543038366 1393914853 5633237623
29975121441 9647285253 25444615163 3590950490 18138886664 20700099771 2822938923 17864994756 17242881101 3322058351 919718736 1119518885 27470615302 27995281151 27999423815 7041050448 28455045281
34207612383 11009483166 29037398065 4097993157 20700099771 23622956504 3221538253 20387534295 19677578110 3791133410 1049583132 1277595079 31349469684 31948218415 31952946017 8035247668 32472901305
4665001721 1501398485 3959923004 558856456 2822938923 3221538253 439331500 2780313365 2683494370 517009012 143135021 174229750 4275227615 4356880902 4357525629 1095792468 4428433581
29522505826 9501614058 25060408882 3536728183 17864994756 20387534295 2780313365 17595238540 16982518618 3271896235 905831249 1102614469 27055817011 27572560557 27576640665 6934732637 28025382385
28494442063 9170738847 24187728945 3413568511 17242881101 19677578110 2683494370 16982518618 16391135480 3157958821 874287442 1064218075 26113650866 26612399829 26616337862 6693244078 27049453015
5489813382 1766858414 4660070812 657666995 3322058351 3791133410 517009012 3271896235 3157958821 608420570 168442497 205035032 5031123942 5127214217 5127972930 1289537823 5211418017
1519866230 489158406 1290150258 182076469 919718736 1049583132 143135021 905831249 874287442 168442497 46633662 56764387 1392877085 1419479879 1419689937 357011219 1442791870
1850042743 595423412 1570423134 221630852 1119518885 1277595079 174229750 1102614469 1064218075 205035032 56764387 69095928 1695466384 1727848387 1728104087 434568511 1756224678
45396117469 14610426036 38534847678 5438350288 27470615302 31349469684 4275227615 27055817011 26113650866 5031123942 1392877085 1695466384 41603143520 42397728874 42404002769 10663388098 43094023180
46263145481 14889472990 39270831144 5542218245 27995281151 31948218415 4356880902 27572560557 26612399829 5127214217 1419479879 1727848387 42397728874 43207490152 43213883878 10867049921 43917083093
46269991403 14891676283 39276642338 5543038366 27999423815 31952946017 4357525629 27576640665 26616337862 5127972930 1419689937 1728104087 42404002769 43213883878 43220278566 10868658000 43923581819
11635573133 3744828631 9876946824 1393914853 7041050448 8035247668 1095792468 6934732637 6693244078 1289537823 357011219 434568511 10663388098 10867049921 10868658000 2733155148 11045518562
47022921168 15134001545 39915772676 5633237623 28455045281 32472901305 4428433581 28025382385 27049453015 5211418017 1442791870 1756224678 43094023180 43917083093 43923581819 11045518562 44638329632
