# generation = 4
# prime = 19
# roots = 0
# n4 = 1324
# parent = (2, 1307)
18169041266 23592312636 6850032148 25897117947 24121298419 17882316317 30154119035 3774313477 17574408490 2908492452 791620076 24999724600 23895192754 17967240014 5749241383 11814825708 31829121482
23592312636 30634374702 8894696092 33627140612 31321257261 23220003358 39154812608 4900907129 22820188193 3776647442 1027910477 32461884545 31027661377 23330275854 7465330590 15341429348 41329786043
6850032148 8894696092 2582576586 9763646208 9094132573 6741932067 11368606754 1422979248 6625845671 1096550254 298453994 9425313918 9008886954 6773949714 2167560068 4454386720 12000110668
25897117947 33627140612 9763646208 36912279000 34381126842 25488436621 42979966213 5379691760 25049562293 4145599703 1128330206 35633185511 34058848675 25609481981 8194641619 16840180584 45367419461
24121298419 31321257261 9094132573 34381126842 32023541084 23740641223 40032740058 5010795047 23331861427 3861327263 1050958247 33189743474 31723362203 23853386251 7632717910 15685414189 42256480643
17882316317 23220003358 6741932067 25488436621 23740641223 17600116252 29678258140 3714751194 17297067484 2862593642 779127531 24605204956 23518103713 17683699731 5658512800 11628376441 31326827467
30154119035 39154812608 11368606754 42979966213 40032740058 29678258140 50045067550 6264012311 29167241101 4827058639 1313806562 41490613729 39657485396 29819201097 9541687209 19608390819 52824973383
3774313477 4900907129 1422979248 5379691760 5010795047 3714751194 6264012311 784050302 3650788505 604190506 164445786 5193273340 4963825388 3732392660 1194308429 2454331816 6611965971
17574408490 22820188193 6625845671 25049562293 23331861427 17297067484 29167241101 3650788505 16999236792 2813303887 765712079 24181538626 23113155693 17379211787 5561081341 11428152477 30787424421
2908492452 3776647442 1096550254 4145599703 3861327263 2862593642 4827058639 604190506 2813303887 465590246 126722208 4001945357 3825132363 2876188193 920336133 1891312308 5095192323
791620076 1027910477 298453994 1128330206 1050958247 779127531 1313806562 164445786 765712079 126722208 34490674 1089231043 1041106887 782827642 250492856 514768663 1386785946
24999724600 32461884545 9425313918 35633185511 33189743474 24605204956 41490613729 5193273340 24181538626 4001945357 1089231043 34398415524 32878632970 24722055844 7910678888 16256630455 43795336338
23895192754 31027661377 9008886954 34058848675 31723362203 23518103713 39657485396 4963825388 23113155693 3825132363 1041106887 32878632970 31425997112 23629791907 7561171148 15538383912 41860381316
17967240014 23330275854 6773949714 25609481981 23853386251 17683699731 29819201097 3732392660 17379211787 2876188193 782827642 24722055844 23629791907 17767680172 5685385273 11683599954 31475599519
5749241383 7465330590 2167560068 8194641619 7632717910 5658512800 9541687209 1194308429 5561081341 920336133 250492856 7910678888 7561171148 5685385273 1819236156 3738572869 10071709297
11814825708 15341429348 4454386720 16840180584 15685414189 11628376441 19608390819 2454331816 11428152477 1891312308 514768663 16256630455 15538383912 11683599954 3738572869 7682854864 20697598662
31829121482 41329786043 12000110668 45367419461 42256480643 31326827467 52824973383 6611965971 30787424421 5095192323 1386785946 43795336338 41860381316 31475599519 10071709297 20697598662 55759297568
