# generation = 7
# prime = 5
# roots = 0
# n4 = 1326
# parent = (1, 1308)
11179486977272 5775344791779 2048276714561 616466912927 436362061142 8226706508913 8790073463094 7905950480546 4476569948100 6770565555973 9150856862830 551808138193 2887423526173 213279145474 7718172219296 2726677792324 9271850456452
5775344791779 2983554391450 1058143748445 318468010389 225425492441 4249932638989 4540969107012 4084229448673 2312604772307 3497687380632 4727350515474 285065161093 1491648629125 110180422755 3987222832336 1408607069305 4789856042125
2048276714561 1058143748445 375279966612 112947474747 79949129222 1507275907614 1610494545128 1448507816956 820185577805 1240485525071 1676596347297 101100861109 529026276951 39076453867 1414103569169 499574858990 1698764480875
616466912927 318468010389 112947474747 33993639916 24062175063 453642673886 484708239579 435955325707 246850080150 373347154078 504602804426 30428181562 159220281851 11760784433 425600728470 150356330712 511274715875
436362061142 225425492441 79949129222 24062175063 17032252806 321107991441 343097548370 308588118034 174731210238 264271334371 357179785612 21538388752 112703032242 8324794124 301258684294 106428742563 361902454375
8226706508913 4249932638989 1507275907614 453642673886 321107991441 6053828778122 6468396512527 5817792391783 3294196523145 4982290855008 6733888046155 406061889055 2124783182427 156946820238 5679611037972 2006494393570 6822924223500
8790073463094 4540969107012 1610494545128 484708239579 343097548370 6468396512527 6911353950856 6216196294437 3519783938886 5323479399938 7195026412232 433869110540 2270288875174 167694578439 6068552246414 2143899639960 7290159809625
7905950480546 4084229448673 1448507816956 435955325707 308588118034 5817792391783 6216196294437 5590958970690 3165757105442 4788033307912 6471336418347 390229696854 2041938727716 150827525909 5458165253137 1928261971881 6556901110375
4476569948100 2312604772307 820185577805 246850080150 174731210238 3294196523145 3519783938886 3165757105442 1792540081806 2711118172233 3664251402221 220958952143 1156202731954 85402757268 3090565594111 1091835778198 3712700520375
6770565555973 3497687380632 1240485525071 373347154078 264271334371 4982290855008 5323479399938 4788033307912 2711118172233 4100416954930 5541978483516 334188248592 1748692968825 129166967890 4674310287239 1651341495464 5615255107000
9150856862830 4727350515474 1676596347297 504602804426 357179785612 6733888046155 7195026412232 6471336418347 3664251402221 5541978483516 7490342043114 451677013219 2363471547905 174577503882 6317632407118 2231894740806 7589380134875
551808138193 285065161093 101100861109 30428181562 21538388752 406061889055 433869110540 390229696854 220958952143 334188248592 451677013219 27236690074 142520296602 10527242341 380961152391 134586050206 457649134250
2887423526173 1491648629125 529026276951 159220281851 112703032242 2124783182427 2270288875174 2041938727716 1156202731954 1748692968825 2363471547905 142520296602 745760036808 55085463521 1993439599744 704242835300 2394721617750
213279145474 110180422755 39076453867 11760784433 8324794124 156946820238 167694578439 150827525909 85402757268 129166967890 174577503882 10527242341 55085463521 4068880306 147245144462 52018801076 176885786000
7718172219296 3987222832336 1414103569169 425600728470 301258684294 5679611037972 6068552246414 5458165253137 3090565594111 4674310287239 6317632407118 380961152391 1993439599744 147245144462 5328525586956 1882462838491 6401164808500
2726677792324 1408607069305 499574858990 150356330712 106428742563 2006494393570 2143899639960 1928261971881 1091835778198 1651341495464 2231894740806 134586050206 704242835300 52018801076 1882462838491 665036937618 2261405088250
9271850456452 4789856042125 1698764480875 511274715875 361902454375 6822924223500 7290159809625 6556901110375 3712700520375 5615255107000 7589380134875 457649134250 2394721617750 176885786000 6401164808500 2261405088250 7689727718750
