# seed = 1001
# step = 6942
# prime = 7
# roots = 0
# n4 = 1328
91792848 10930263 96728998 158087891 115202437 219208960 137307149 76192482 20461522 137099342 196024492 77203670 199152338 4310428 220524343 80537131 262437174
10930263 1301530 11518024 18824346 13717751 26102345 16349876 9072635 2436457 16325132 23341647 9193040 23714101 513274 26258969 9589966 31249750
96728998 11518024 101930646 166589135 121397499 230997034 144690900 80289764 21561859 144471916 206565818 81355331 209861847 4542194 232383164 84868073 276549875
158087891 18824346 166589135 272262974 198404558 377527256 236473851 131220624 35239366 236115959 337598392 132962119 342985219 7423484 379792664 138703126 451976000
115202437 13717751 121397499 198404558 144582162 275113165 172324167 95623614 25679771 172063361 246016043 96892686 249941553 5409669 276764022 101076294 329365750
219208960 26102345 230997034 377527256 275113165 523489588 327901085 181954096 48863870 327404822 468123145 184368897 475592657 10293597 526630868 192329544 626722250
137307149 16349876 144690900 236473851 172324167 327901085 205389232 113971599 30607130 205078384 293220894 115484173 297899619 6447664 329868702 120470518 392563500
76192482 9072635 80289764 131220624 95623614 181954096 113971599 63243466 16984066 113799110 162709879 64082795 165306124 3577845 183045941 66849752 217835625
20461522 2436457 21561859 35239366 25679771 48863870 30607130 16984066 4561086 30560807 43695826 17209468 44393044 960825 49157088 17952546 58499875
137099342 16325132 144471916 236115959 172063361 327404822 205078384 113799110 30560807 204768010 292777122 115309393 297448765 6437908 329369463 120288192 391969375
196024492 23341647 206565818 337598392 246016043 468123145 293220894 162709879 43695826 292777122 418612512 164869273 425292003 9204899 470932202 171987979 560437500
77203670 9193040 81355331 132962119 96892686 184368897 115484173 64082795 17209468 115309393 164869273 64933272 167499977 3625324 185475232 67736946 220726625
199152338 23714101 209861847 342985219 249941553 475592657 297899619 165306124 44393044 297448765 425292003 167499977 432078088 9351786 478446527 174732258 569380000
4310428 513274 4542194 7423484 5409669 10293597 6447664 3577845 960825 6437908 9204899 3625324 9351786 202428 10355356 3781843 12323500
220524343 26258969 232383164 379792664 276764022 526630868 329868702 183045941 49157088 329369463 470932202 185475232 478446527 10355356 529791010 193483658 630483000
80537131 9589966 84868073 138703126 101076294 192329544 120470518 66849752 17952546 120288192 171987979 67736946 174732258 3781843 193483658 70661700 230257125
262437174 31249750 276549875 451976000 329365750 626722250 392563500 217835625 58499875 391969375 560437500 220726625 569380000 12323500 630483000 230257125 750312500
