# seed = 1000
# step = 2613
# prime = 7
# roots = 0
# n4 = 1333
1335722 2370737 192324 602323 1610728 1251275 1713704 1880198 1646984 273523 1745814 15857 1564179 282154 1821638 120964 332644
2370737 4208768 341548 1069240 2859537 2221466 3042125 3337879 2923654 485716 3099106 27903 2776817 500670 3233674 214829 590799
192324 341548 27732 86764 232058 180285 246852 270867 237234 39430 251468 2237 225334 40602 262388 17441 47971
602323 1069240 86764 271648 726469 564363 772874 847991 742776 123385 787344 7106 705457 127209 821541 54569 150073
1610728 2859537 232058 726469 1942842 1509322 2066899 2267833 1986405 330003 2105604 18957 1886636 340162 2197041 145957 401401
1251275 2221466 180285 564363 1509322 1172544 1605684 1761792 1543150 256374 1635748 14709 1465653 264242 1706782 113394 311850
1713704 3042125 246852 772874 2066899 1605684 2198940 2412644 2113307 351037 2240105 20226 2007118 361931 2337405 155251 426965
1880198 3337879 270867 847991 2267833 1761792 2412644 2647206 2318692 385207 2457845 22134 2202237 397080 2564562 170378 468545
1646984 2923654 237234 742776 1986405 1543150 2113307 2318692 2031014 337364 2152877 19443 1928957 347845 2246384 149207 410333
273523 485716 39430 123385 330003 256374 351037 385207 337364 56080 357623 3186 320450 57753 373135 24808 68222
1745814 3099106 251468 787344 2105604 1635748 2240105 2457845 2152877 357623 2282074 20603 2044715 368722 2381169 158171 434973
15857 27903 2237 7106 18957 14709 20226 22134 19443 3186 20603 250 18425 3376 21511 1400 3850
1564179 2776817 225334 705457 1886636 1465653 2007118 2202237 1928957 320450 2044715 18425 1832068 330343 2133502 141733 389774
282154 500670 40602 127209 340162 264242 361931 397080 347845 57753 368722 3376 330343 59618 384734 25539 70224
1821638 3233674 262388 821541 2197041 1706782 2337405 2564562 2246384 373135 2381169 21511 2133502 384734 2484594 165025 453838
120964 214829 17441 54569 145957 113394 155251 170378 149207 24808 158171 1400 141733 25539 165025 10980 30184
332644 590799 47971 150073 401401 311850 426965 468545 410333 68222 434973 3850 389774 70224 453838 30184 83006
