# generation = 4
# prime = 11
# roots = 0
# n4 = 1333
# parent = (2, 1312)
40439588 14409794 13218412 33464949 30657327 15735419 8312225 4105808 30082948 4869343 23431092 4522911 29611177 27858305 7402275 33077425 2755653
14409794 5135638 4709547 11926578 10926190 5607920 2962435 1463208 10721679 1734984 8350888 1611582 10553196 9928490 2637690 11788920 981665
13218412 4709547 4320988 10937499 10019747 5142896 2716694 1341956 9831910 1591694 7657932 1478424 9677917 9105013 2419536 10810591 900881
33464949 11926578 10937499 27697390 25374100 13023421 6879726 3398061 24899101 4029314 19393393 3742718 24507930 23057159 6125695 27377570 2279870
30657327 10926190 10019747 25374100 23245744 11930993 6302660 3113013 22810631 3691240 17766718 3428704 22452192 21123116 5611778 25081210 2088535
15735419 5607920 5142896 13023421 11930993 6123668 3234869 1597785 11707638 1894612 9118837 1759845 11523722 10841560 2880332 12873025 1072020
8312225 2962435 2716694 6879726 6302660 3234869 1708858 844036 6184688 1000817 4817123 929643 6087504 5727154 1521546 6800310 566270
4105808 1463208 1341956 3398061 3113013 1597785 844036 416898 3054724 494363 2379265 459194 3006758 2828767 751554 3358795 279735
30082948 10721679 9831910 24899101 22810631 11707638 6184688 3054724 22383708 3622059 17434187 3364459 22031904 20727714 5506655 24611785 2049350
4869343 1734984 1591694 4029314 3691240 1894612 1000817 494363 3622059 586334 2821165 544608 3565296 3354240 891301 3982605 331840
23431092 8350888 7657932 19393393 17766718 9118837 4817123 2379265 17434187 2821165 13579118 2620523 17160192 16144384 4289036 19169590 1596215
4522911 1611582 1478424 3742718 3428704 1759845 929643 459194 3364459 544608 2620523 505872 3311710 3115675 827903 3699355 308210
29611177 10553196 9677917 24507930 22452192 11523722 6087504 3006758 22031904 3565296 17160192 3311710 21685756 20402047 5420273 24224970 2017305
27858305 9928490 9105013 23057159 21123116 10841560 5727154 2828767 20727714 3354240 16144384 3115675 20402047 19194336 5099420 22790955 1897880
7402275 2637690 2419536 6125695 5611778 2880332 1521546 751554 5506655 891301 4289036 827903 5420273 5099420 1354964 6054785 504390
33077425 11788920 10810591 27377570 25081210 12873025 6800310 3358795 24611785 3982605 19169590 3699355 24224970 22790955 6054785 27061650 2253350
2755653 981665 900881 2279870 2088535 1072020 566270 279735 2049350 331840 1596215 308210 2017305 1897880 504390 2253350 187850
