2891195474228537189458255536634
3402542165322127811451484642234
4298760026558467240422107564794
3728756667770947009884455714554
5991744132052078230511185130234
3236493534632768520540227223034
78226686134991174232380689386234
11492605643548859374635605140234
-5143303362384229804906088118566
443985655575065435281568435002
-979565018904269680752629749766
5184894285212178249566461261834
-4469171023687146502067179612166
3606405835110925482450522970234
16151744576785317732688993162234
3573684355943766387962362869754
-759376049938858166436491644166
-5328058719935886182106003119366
5380268474895377355583039694554
17069233487425098088940203248484
5215432542403430758248050783794
2838942178046024039763692432122
243146882395382015946366404808154/81
2558229016839511149831260080762
2361253942905600810977556672634
2678312077644931683114439906234
3379397084927230910084852603902
3632407730870998917912491355514
2428778263277521959543043930234
