iteration = 86454
determinant = 952
root_reps_orthogonal = 0
norm4_reps_orthogonal = 1313
energy = 0.00520974

gram =
[[18 -1 0 1 0 2 -1]
 [-1 4 1 0 -1 0 -1]
 [0 1 2 0 0 2 0]
 [1 0 0 2 0 2 0]
 [0 -1 0 0 2 -2 0]
 [2 0 2 2 -2 10 2]
 [-1 -1 0 0 0 2 2]]

basis_coords =
[[1 2 3 1 0 3 -2 1 -1 -2 1 2 -2 -2 1 -3 1 0 1 2 0 1 -1 -1]
 [0 -1 2 0 -1 0 -1 2 -1 0 0 0 0 0 0 0 1 -1 0 -1 1 1 1 0]
 [0 0 0 -1 0 0 0 0 0 0 0 0 0 0 0 0 0 0 0 0 0 0 0 0]
 [0 1 0 0 0 0 0 0 0 0 0 0 0 0 0 0 0 0 0 0 0 0 0 0]
 [-1 1 -1 0 1 0 1 -1 0 0 1 -1 0 0 0 0 0 2 0 1 -1 -1 -1 0]
 [2 1 -1 -2 -1 0 0 -1 1 0 -2 2 0 0 0 0 -2 -2 0 0 0 0 0 0]
 [1 1 -1 0 0 0 1 -2 1 -1 0 1 0 0 0 0 -2 0 1 1 -1 -1 -1 0]]
