iteration = 20738
determinant = 952
root_reps_orthogonal = 0
norm4_reps_orthogonal = 1313
energy = 0.00520974

gram =
[[4 -1 1 -2 0 0 0]
 [-1 4 -4 1 1 1 -1]
 [1 -4 24 0 0 -2 -1]
 [-2 1 0 2 0 0 0]
 [0 1 0 0 2 0 0]
 [0 1 -2 0 0 2 0]
 [0 -1 -1 0 0 0 2]]

basis_coords =
[[-1 -1 0 0 0 0 -1 2 -1 1 0 -1 0 0 0 0 2 0 -1 -1 1 1 1 0]
 [0 0 1 0 -1 1 0 1 0 0 0 0 -1 0 1 0 0 0 0 -1 1 1 1 1]
 [1 -1 0 2 0 -3 -2 -2 1 -1 -2 2 1 1 -2 -2 1 -2 2 2 -2 -3 -1 -3]
 [0 0 1 0 0 0 0 0 0 0 0 0 0 0 0 0 0 0 0 0 0 0 0 0]
 [0 0 0 0 0 0 0 -1 0 0 0 0 0 0 0 0 0 0 0 0 0 0 0 0]
 [-1 0 2 -1 -1 1 -1 1 0 0 0 1 0 0 2 -1 0 0 0 0 1 1 0 0]
 [0 0 0 0 1 0 0 0 0 0 0 0 0 0 0 0 0 0 0 0 0 0 0 0]]
