iteration = 19977
determinant = 952
root_reps_orthogonal = 0
norm4_reps_orthogonal = 1313
energy = 0.00520974

gram =
[[8 0 2 0 -6 4 9]
 [0 4 -2 0 0 4 -2]
 [2 -2 8 -2 -4 -2 -3]
 [0 0 -2 2 0 -4 -1]
 [-6 0 -4 0 6 1 -3]
 [4 4 -2 -4 1 76 17]
 [9 -2 -3 -1 -3 17 26]]

basis_coords =
[[1 1 0 -2 0 0 0 1 -1 -1 -2 1 0 0 0 0 0 0 1 -1 -1 -1 1 0]
 [-1 0 0 -1 0 0 0 1 -1 1 0 -1 0 0 0 2 0 0 -1 -1 1 1 1 0]
 [2 0 -1 -1 0 0 1 -2 1 -2 -1 2 0 0 0 -1 -2 0 2 1 -2 -2 -1 0]
 [-1 -1 1 0 0 0 -1 2 -1 1 0 -1 0 0 0 0 2 0 -1 -1 1 1 1 0]
 [-1 0 0 2 0 0 0 -1 1 1 2 -1 0 0 0 0 0 0 -1 1 1 1 -1 0]
 [-1 1 -4 -3 2 -4 2 -6 6 3 1 -1 4 1 -2 -2 -4 1 -2 5 1 -1 -6 -5]
 [2 3 0 0 0 -1 0 -1 1 -2 -2 2 1 0 0 -2 -1 0 2 1 -2 -2 -1 -1]]
