iteration = 17772
determinant = 952
root_reps_orthogonal = 0
norm4_reps_orthogonal = 1313
energy = 0.00520974

gram =
[[6 -2 -9 0 1 5 9]
 [-2 4 4 -2 0 -4 -2]
 [-9 4 22 2 -4 -12 -8]
 [0 -2 2 4 -2 0 -8]
 [1 0 -4 -2 2 2 3]
 [5 -4 -12 0 2 8 6]
 [9 -2 -8 -8 3 6 80]]

basis_coords =
[[-1 0 0 -1 1 0 1 0 -1 0 0 0 0 0 0 1 0 1 0 0 -1 -1 0 0]
 [1 -1 0 0 -1 0 -1 1 0 0 -1 1 0 0 0 0 0 -2 0 -1 1 1 1 0]
 [3 0 0 2 -1 -1 -1 2 2 -1 -1 0 0 0 0 -2 0 -2 1 0 2 2 0 0]
 [0 1 -1 1 1 -1 1 -1 1 -1 1 -1 0 0 0 -1 0 2 1 2 -1 -1 -2 0]
 [-1 0 0 -1 0 1 0 0 -1 1 0 0 0 0 0 1 0 0 -1 -1 0 0 1 0]
 [-2 0 0 -1 1 1 1 -1 -1 1 1 -1 0 0 0 1 0 2 -1 0 -1 -1 0 0]
 [-1 -4 10 -4 -2 4 -3 7 -6 1 -3 3 -2 2 1 3 1 -5 -3 -7 5 4 9 -1]]
