2 -1 0 0 -1 0 0 0 0 0 0 0 0 -1 -1 0 0
-1 2 0 0 0 0 0 0 0 0 0 0 0 1 1 -1 0
0 0 2 0 -1 0 0 0 0 0 0 0 0 0 0 0 0
0 0 0 2 -1 0 0 0 0 0 0 0 0 1 0 -1 0
-1 0 -1 -1 2 0 0 0 0 0 0 0 0 0 0 1 0
0 0 0 0 0 2 -1 0 0 0 0 0 -1 0 0 0 0
0 0 0 0 0 -1 2 0 0 -1 0 -1 0 0 0 0 0
0 0 0 0 0 0 0 2 -1 0 0 0 0 0 0 0 0
0 0 0 0 0 0 0 -1 2 0 -1 0 0 0 0 0 0
0 0 0 0 0 0 -1 0 0 2 -1 0 0 0 0 0 0
0 0 0 0 0 0 0 0 -1 -1 2 0 0 0 0 0 0
0 0 0 0 0 0 -1 0 0 0 0 2 0 0 0 0 0
0 0 0 0 0 -1 0 0 0 0 0 0 2 0 0 0 0
-1 1 0 1 0 0 0 0 0 0 0 0 0 1644 3 1719 263
-1 1 0 0 0 0 0 0 0 0 0 0 0 3 26 2 0
0 -1 0 -1 1 0 0 0 0 0 0 0 0 1719 2 1816 0
0 0 0 0 0 0 0 0 0 0 0 0 0 263 0 0 5310
