-1 0 1
2.7953525444451834 1 -2.5085113759987001
-0.074628736205905016 0.24381694531867357 0.14456547368815933
-0.074625187173362348 0.24381788041825764 0.14456219288068578
-0.074594471929720199 0.24382597327478583 0.1445337990014611
-0.074633004205784503 0.24381582078549188 0.14456941912563259
-0.074679199593818357 0.24380364921842781 0.14461212320714878
-0.097708234524440496 0.23773595599073893 0.16590069392256609
0.73798726642692147 0.059446791357083618 -0.72093528342657398
-0.074628891074892831 0.24381730842941429 0.14456653621296056
-0.074624769617456191 0.24381637333205272 0.14456214652803431
-0.074589101620430087 0.24380828079414182 0.14452415723130405
-0.074633847504071135 0.24381843296946443 0.1445718152102323
-0.074687497143804918 0.24383060527459186 0.1446289564083062
-0.1021165581839259 0.25005385117007434 0.17384312108134381
-0.074628686271324629 0.24381682824047266 0.14456513109710317
-0.074625321807061482 0.24381836635220736 0.14456220782629864
-0.074596203569320549 0.24383167816038118 0.14453690796039059
-0.074632732301836258 0.24381497854123865 0.1445686465581161
-0.074676524398461744 0.24379495837397377 0.14460669605074164
-0.096333360492612735 0.23389423394013487 0.16342359884203797
0.034248348124787997 -0.14913980666830887 0.13247620162252807
0.070446207726986051 -0.23401045638864804 -0.11586999175008353
0.10820683244481094 -0.32254521476569858 -0.37493800049701176
0.077468642855492764 -0.25047548052335067 -0.16404949881309044
0.074634945669773828 -0.24383150422460745 -0.14460807556384031
0.087205120544820547 -0.28922268432963599 -0.14595868436357262
0.025195211968729644 -0.065410072901335284 -0.13907499852644578
0.067471356344956837 -0.21799753015188339 -0.14376805005600748
0.074608447801273847 -0.24375746293552225 -0.14456033465219911
-0.054380881006375822 0.18108324741721918 0.087026552877563751
0.015939321247634919 -0.050586615533040988 -0.039225249559574932
0.074379460899639982 -0.24311761956880087 -0.14414777152682731
0.09152560831978522 -0.29614201476167334 -0.19256679942703295
0.074666822303857489 -0.24392057505237269 -0.14466550733697775
0.07501260026032848 -0.2448867601495037 -0.14528849159233365
