1 0 1
-2.0905393825150549 1 -2.1437073018050379
-0.077275444044130809 -0.27633930453602795 -0.073240292705239088
-0.084075575274753206 -0.2963639388991946 -0.06831852129089927
-0.085815876904840313 -0.30665292523898302 -0.0807331090002886
-0.069090031364867466 -0.22350267766422524 0.01200004314397376
-0.084075575274753372 -0.2963639388991946 -0.068318521290899506
-0.084075575274753317 -0.2963639388991946 -0.068318521290899367
-0.67871909244716355 0.087831584279845859 -0.68338891503126575
-0.077275444044130712 -0.27633930453602762 -0.073240292705239046
-0.084075575274753123 -0.29636393889919432 -0.068318521290899215
-0.085815876904840216 -0.30665292523898274 -0.080733109000288572
-0.069090031364867355 -0.22350267766422488 0.012000043143973847
-0.084075575274753275 -0.29636393889919421 -0.068318521290899423
-0.08407557527475322 -0.29636393889919427 -0.068318521290899298
-0.077275444044130864 -0.27633930453602806 -0.073240292705239102
-0.08407557527475322 -0.29636393889919471 -0.068318521290899298
-0.085815876904840341 -0.30665292523898319 -0.080733109000288628
-0.069090031364867521 -0.22350267766422541 0.012000043143973727
-0.084075575274753414 -0.29636393889919482 -0.068318521290899561
-0.084075575274753345 -0.29636393889919471 -0.068318521290899395
0.077275444044131364 0.27633930453602801 0.073240292705240101
0.042656312205252844 0.071664569750075693 -0.17371818920763171
-0.20313435491409582 -0.22875622706714752 0.020173639801388279
0.077275444044131322 0.27633930453602756 0.073240292705239574
0.077275444044131156 0.27633930453602723 0.073240292705239754
-0.085815876904840632 -0.30665292523898224 -0.080733109000289169
-0.069090031364868049 -0.22350267766422519 0.012000043143973167
0.023056123652180259 0.1218462102835995 0.14001353297917152
-0.059490921506256365 -0.11424117565498949 0.23700246372329994
-0.051413055306504099 -0.14412868586491773 0.031954228833669357
0.085815876904840868 0.30665292523898308 0.080733109000288933
0.085815876904841645 0.30665292523898258 0.080733109000289002
0.069090031364868007 0.22350267766422505 -0.012000043143973155
0.069090031364867896 0.2235026776642251 -0.012000043143973158
-0.10224875262356448 -0.43099057659191004 -0.29401429318281574
